273.19
388.66
465.64
529.79
585.38
635.28
680.90
723.19
762.79
800.17
835.66
869.53
901.99
933.22
963.35
992.50
1020.77
1048.25
1075.00
1101.10
1126.59
1151.52
1175.94
1199.87
1223.36
1246.42
1269.09
1291.39
1313.34
1334.95
1356.25
1377.24
1397.95
1418.38
1438.54
1458.46
1478.12
1497.56
1516.77
1535.75
1554.53
1573.10
1591.48
1609.66
1627.65
1645.46
1663.09
1680.55
1697.85
1714.97
1731.94
1748.75
1765.40
1781.90
1798.26
1814.47
1830.54
1846.47
1862.27
1877.93
1893.45
1908.85
1924.12
1939.27
1954.29
1969.18
1983.96
1998.62
2013.16
2027.59
2041.90
2056.11
2070.20
2084.18
2098.05
2111.81
2125.47
2139.03
2152.48
2165.83
2179.08
2192.23
2205.27
2218.23
2231.08
2243.84
2256.50
2269.07
2281.54
2293.92
2306.21
2318.41
2330.52
2342.54
2354.47
2366.32
2378.07
2389.74
2401.33
2412.83
2424.25
2435.58
2446.83
2458.00
2469.09
2480.09
2491.02
2501.87
2512.64
2523.33
2533.94
2544.47
2554.93
2565.32
2575.63
2585.86
2596.02
2606.11
2616.12
2626.06
2635.93
2645.73
2655.46
2665.12
2674.70
2684.22
2693.67
2703.05
2712.37
2721.62
2730.80
2739.91
2748.96
2757.95
2766.86
2775.72
2784.51
2793.24
2801.90
2810.51
2819.05
2827.53
2835.95
2844.31
2852.60
2860.84
2869.02
2877.14
2885.20
2893.21
2901.15
2909.04
2916.88
2924.65
2932.37
2940.04
2947.65
2955.20
2962.71
2970.15
2977.55
2984.89
2992.18
2999.41
3006.60
3013.73
3020.81
3027.84
3034.82
3041.75
3048.63
3055.46
3062.24
3068.97
3075.65
3082.29
3088.88
3095.42
3101.91
3108.36
3114.76
3121.12
3127.43
3133.69
3139.91
3146.09
3152.22
3158.30
3164.35
3170.35
3176.30
3182.22
3188.09
3193.92
3199.70
3205.45
3211.15
3216.81
3222.44
3228.02
3233.56
3239.06
3244.53
3249.95
3255.34
3260.68
3265.99
3271.26
3276.49
3281.68
3286.84
3291.96
3297.04
3302.09
3307.10
3312.08
3317.01
3321.92
3326.79
3331.62
3336.42
3341.18
3345.91
3350.61
3355.27
3359.90
3364.49
3369.05
3373.58
3378.08
3382.55
3386.98
3391.38
3395.75
3400.09
3404.39
3408.67
3412.92
3417.13
3421.31
3425.47
3429.59
3433.69
3437.75
3441.79
3445.80
3449.78
3453.73
3457.65
3461.54
3465.41
3469.25
3473.06
3476.84
3480.59
3484.32
3488.03
3491.70
3495.35
3498.97
3502.57
3506.14
3509.69
3513.21
3516.70
3520.17
3523.62
3527.04
3530.43
3533.80
3537.15
3540.47
3543.77
3547.05
3550.30
3553.53
3556.73
3559.91
3563.07
3566.21
3569.32
3572.42
3575.49
3578.53
3581.56
3584.56
3587.55
3590.51
3593.45
3596.37
3599.26
3602.14
3605.00
3607.83
3610.65
3613.44
3616.22
3618.97
3621.71
3624.42
3627.12
3629.80
3632.46
3635.09
3637.71
3640.31
3642.90
3645.46
3648.01
3650.53
3653.04
3655.53
3658.01
3660.46
3662.90
3665.32
3667.72
3670.11
3672.47
3674.83
3677.16
3679.48
3681.78
3684.06
3686.33
3688.58
3690.82
3693.04
3695.24
3697.43
3699.60
3701.76
3703.90
3706.03
3708.14
3710.23
3712.31
3714.38
3716.43
3718.46
3720.48
3722.49
3724.48
3726.46
3728.43
3730.38
3732.31
3734.23
3736.14
3738.03
3739.92
3741.78
3743.64
3745.48
3747.30
3749.12
3750.92
3752.71
3754.48
3756.25
3758.00
3759.73
3761.46
3763.17
3764.87
3766.56
3768.23
3769.90
3771.55
3773.19
3774.82
3776.44
3778.04
3779.63
3781.22
3782.79
3784.35
3785.89
3787.43
3788.96
3790.47
3791.98
3793.47
3794.95
3796.42
3797.89
3799.34
3800.78
3802.21
3803.63
3805.04
3806.44
3807.83
3809.21
3810.58
3811.94
3813.29
3814.63
3815.96
3817.28
3818.59
3819.89
3821.19
3822.47
3823.74
3825.01
3826.27
3827.51
3828.75
3829.98
3831.20
3832.41
3833.62
3834.81
3836.00
3837.17
3838.34
3839.50
3840.66
3841.80
3842.94
3844.06
3845.18
3846.29
3847.40
3848.49
3849.58
3850.66
3851.73
3852.80
3853.85
3854.90
3855.94
3856.98
3858.01
3859.02
3860.04
3861.04
3862.04
3863.03
3864.01
3864.99
3865.96
3866.92
3867.88
3868.82
3869.77
3870.70
3871.63
3872.55
3873.47
3874.37
3875.28
3876.17
3877.06
3877.94
3878.82
3879.69
3880.55
3881.41
3882.26
3883.11
3883.95
3884.78
3885.61
3886.43
3887.24
3888.05
3888.86
3889.65
3890.45
3891.23
3892.01
3892.79
3893.56
3894.32
3895.08
3895.84
3896.58
3897.33
3898.06
3898.79
3899.52
3900.24
3900.96
3901.67
3902.38
3903.08
3903.77
3904.46
3905.15
3905.83
3906.51
3907.18
3907.84
3908.50
3909.16
3909.81
3910.46
3911.10
3911.74
3912.38
3913.01
3913.63
3914.25
3914.87
3915.48
3916.08
3916.69
3917.28
3917.88
3918.47
3919.05
3919.63
3920.21
3920.78
3921.35
3921.92
3922.48
3923.03
3923.59
3924.13
3924.68
3925.22
3925.76
3926.29
3926.82
3927.34
3927.87
3928.38
3928.90
3929.41
3929.92
3930.42
3930.92
3931.41
3931.91
3932.40
3932.88
3933.36
3933.84
3934.32
3934.79
3935.26
3935.72
3936.18
3936.64
3937.09
3937.55
3937.99
3938.44
3938.88
3939.32
3939.76
3940.19
3940.62
3941.04
3941.47
3941.89
3942.31
3942.72
3943.13
3943.54
3943.94
3944.35
3944.75
3945.14
3945.54
3945.93
3946.32
3946.70
3947.08
3947.46
3947.84
3948.22
3948.59
3948.96
3949.32
3949.69
3950.05
3950.41
3950.76
3951.12
3951.47
3951.82
3952.16
3952.50
3952.85
3953.18
3953.52
3953.85
3954.19
3954.51
3954.84
3955.16
3955.49
3955.81
3956.12
3956.44
3956.75
3957.06
3957.37
3957.68
3957.98
3958.28
3958.58
3958.88
3959.17
3959.47
3959.76
3960.05
3960.33
3960.62
3960.90
3961.18
3961.46
3961.74
3962.01
3962.28
3962.56
3962.82
3963.09
3963.36
3963.62
3963.88
3964.14
3964.40
3964.65
3964.91
3965.16
3965.41
3965.66
3965.90
3966.15
3966.39
3966.63
3966.87
3967.11
3967.35
3967.58
3967.81
3968.04
3968.27
3968.50
3968.73
3968.95
3969.17
3969.40
3969.62
3969.83
3970.05
3970.27
3970.48
3970.69
3970.90
3971.11
3971.32
3971.52
3971.73
3971.93
3972.13
3972.33
3972.53
3972.73
3972.92
3973.12
3973.31
3973.50
3973.69
3973.88
3974.07
3974.26
3974.44
3974.62
3974.81
3974.99
3975.17
3975.35
3975.52
3975.70
3975.87
3976.05
3976.22
3976.39
3976.56
3976.73
3976.89
3977.06
3977.22
3977.39
3977.55
3977.71
3977.87
3978.03
3978.19
3978.34
3978.50
3978.65
3978.81
3978.96
3979.11
3979.26
3979.41
3979.56
3979.70
3979.85
3979.99
3980.14
3980.28
3980.42
3980.56
3980.70
3980.84
3980.98
3981.11
3981.25
3981.38
3981.52
3981.65
3981.78
3981.91
3982.04
3982.17
3982.30
3982.43
3982.55
3982.68
3982.80
3982.93
3983.05
3983.17
3983.29
3983.41
3983.53
3983.65
3983.77
3983.88
3984.00
3984.11
3984.23
3984.34
3984.45
3984.56
3984.68
3984.79
3984.89
3985.00
3985.11
3985.22
3985.32
3985.43
3985.53
3985.64
3985.74
3985.84
3985.94
3986.05
3986.15
3986.25
3986.34
3986.44
3986.54
3986.64
3986.73
3986.83
3986.92
3987.02
3987.11
3987.20
3987.29
3987.38
3987.48
3987.57
3987.65
3987.74
3987.83
3987.92
3988.01
3988.09
3988.18
3988.26
3988.35
3988.43
3988.51
3988.60
3988.68
3988.76
3988.84
3988.92
3989.00
3989.08
3989.16
3989.23
3989.31
3989.39
3989.46
3989.54
3989.61
3989.69
3989.76
3989.84
3989.91
3989.98
3990.05
3990.13
3990.20
3990.27
3990.34
3990.41
3990.47
3990.54
3990.61
3990.68
3990.75
3990.81
3990.88
3990.94
3991.01
3991.07
3991.14
3991.20
3991.26
3991.33
3991.39
3991.45
3991.51
3991.57
3991.63
3991.69
3991.75
3991.81
3991.87
3991.93
3991.99
3992.05
3992.10
3992.16
3992.22
3992.27
3992.33
3992.38
3992.44
3992.49
3992.54
3992.60
3992.65
3992.70
3992.76
3992.81
3992.86
3992.91
3992.96
3993.01
3993.06
3993.11
3993.16
3993.21
3993.26
3993.31
3993.36
3993.40
3993.45
3993.50
3993.55
3993.59
3993.64
3993.68
3993.73
3993.77
3993.82
3993.86
3993.91
3993.95
3993.99
3994.04
3994.08
3994.12
3994.16
3994.21
3994.25
3994.29
3994.33
3994.37
3994.41
3994.45
3994.49
3994.53
3994.57
3994.61
3994.65
3994.69
3994.72
3994.76
3994.80
3994.84
3994.87
3994.91
3994.95
3994.98
3995.02
3995.06
3995.09
3995.13
3995.16
3995.20
3995.23
3995.26
3995.30
3995.33
3995.37
3995.40
3995.43
3995.47
3995.50
3995.53
3995.56
3995.59
3995.63
3995.66
3995.69
3995.72
3995.75
3995.78
3995.81
3995.84
3995.87
3995.90
3995.93
3995.96
3995.99
3996.02
3996.05
3996.07
3996.10
3996.13
3996.16
3996.19
3996.21
3996.24
3996.27
3996.29
3996.32
3996.35
3996.37
3996.40
3996.42
3996.45
3996.48
3996.50
3996.53
3996.55
3996.58
3996.60
3996.62
3996.65
3996.67
3996.70
3996.72
3996.74
3996.77
3996.79
3996.81
3996.84
3996.86
3996.88
3996.90
3996.93
3996.95
3996.97
3996.99
3997.01
3997.04
3997.06
3997.08
3997.10
3997.12
3997.14
3997.16
3997.18
3997.20
3997.22
3997.24
3997.26
3997.28
3997.30
3997.32
3997.34
3997.36
3997.38
3997.40
3997.41
3997.43
3997.45
3997.47
3997.49
3997.51
3997.52
3997.54
3997.56
3997.58
3997.59
3997.61
3997.63
3997.65
3997.66
3997.68
3997.70
3997.71
3997.73
3997.75
3997.76
3997.78
3997.79
3997.81
3997.83
3997.84
3997.86
3997.87
3997.89
3997.90
3997.92
3997.93
3997.95
3997.96
3997.98
3997.99
3998.01
3998.02
3998.03
3998.05
3998.06
3998.08
3998.09
3998.10
3998.12
3998.13
3998.14
3998.16
3998.17
3998.18
3998.20
3998.21
3998.22
3998.24
3998.25
3998.26
3998.27
3998.29
3998.30
3998.31
3998.32
3998.33
3998.35
3998.36
3998.37
3998.38
3998.39
3998.40
3998.42
3998.43
3998.44
3998.45
3998.46
3998.47
3998.48
3998.49
3998.50
3998.52
3998.53
3998.54
3998.55
3998.56
3998.57
3998.58
3998.59
3998.60
3998.61
3998.62
3998.63
3998.64
3998.65
3998.66
3998.67
3998.68
3998.69
3998.70
3998.71
3998.71
3998.72
3998.73
3998.74
3998.75
3998.76
3998.77
3998.78
3998.79
3998.80
3998.80
3998.81
3998.82
3998.83
3998.84
3998.85
3998.85
3998.86
3998.87
3998.88
3998.89
3998.90
3998.90
3998.91
3998.92
3998.93
3998.93
3998.94
3998.95
3998.96
3998.96
3998.97
3998.98
3998.99
3998.99
3999.00
3999.01
3999.02
3999.02
3999.03
3999.04
3999.04
3999.05
3999.06
3999.06
3999.07
3999.08
3999.08
3999.09
3999.10
3999.10
3999.11
3999.12
3999.12
3999.13
3999.14
3999.14
3999.15
3999.15
3999.16
3999.17
3999.17
3999.18
3999.18
3999.19
3999.20
3999.20
3999.21
3999.21
3999.22
3999.22
3999.23
3999.23
3999.24
3999.25
3999.25
3999.26
3999.26
3999.27
3999.27
3999.28
3999.28
3999.29
3999.29
3999.30
3999.30
3999.31
3999.31
3999.32
3999.32
3999.33
3999.33
3999.34
3999.34
3999.35
3999.35
3999.36
3999.36
3999.37
3999.37
3999.37
3999.38
3999.38
3999.39
3999.39
3999.40
3999.40
3999.41
3999.41
3999.41
3999.42
3999.42
3999.43
3999.43
3999.43
3999.44
3999.44
3999.45
3999.45
3999.45
3999.46
3999.46
3999.47
3999.47
3999.47
3999.48
3999.48
3999.49
3999.49
3999.49
3999.50
3999.50
3999.50
3999.51
3999.51
3999.51
3999.52
3999.52
3999.52
3999.53
3999.53
3999.53
3999.54
3999.54
3999.54
3999.55
3999.55
3999.55
3999.56
3999.56
3999.56
3999.57
3999.57
3999.57
3999.58
3999.58
3999.58
3999.59
3999.59
3999.59
3999.59
3999.60
3999.60
3999.60
3999.61
3999.61
3999.61
3999.61
3999.62
3999.62
3999.62
3999.63
3999.63
3999.63
3999.63
3999.64
3999.64
3999.64
3999.64
3999.65
3999.65
3999.65
3999.65
3999.66
3999.66
3999.66
3999.66
3999.67
3999.67
3999.67
3999.67
3999.68
3999.68
3999.68
3999.68
3999.68
3999.69
3999.69
3999.69
3999.69
3999.70
3999.70
3999.70
3999.70
3999.70
3999.71
3999.71
3999.71
3999.71
3999.71
3999.72
3999.72
3999.72
3999.72
3999.72
3999.73
3999.73
3999.73
3999.73
3999.73
3999.74
3999.74
3999.74
3999.74
3999.74
3999.75
3999.75
3999.75
3999.75
3999.75
3999.75
3999.76
3999.76
3999.76
3999.76
3999.76
3999.77
3999.77
3999.77
3999.77
3999.77
3999.77
3999.78
3999.78
3999.78
3999.78
3999.78
3999.78
3999.78
3999.79
3999.79
3999.79
3999.79
3999.79
3999.79
3999.80
3999.80
3999.80
3999.80
3999.80
3999.80
3999.80
3999.81
3999.81
3999.81
3999.81
3999.81
3999.81
3999.81
3999.81
3999.82
3999.82
3999.82
3999.82
3999.82
3999.82
3999.82
3999.83
3999.83
3999.83
3999.83
3999.83
3999.83
3999.83
3999.83
3999.84
3999.84
3999.84
3999.84
3999.84
3999.84
3999.84
3999.84
3999.84
3999.85
3999.85
3999.85
3999.85
3999.85
3999.85
3999.85
3999.85
3999.85
3999.86
3999.86
3999.86
3999.86
3999.86
3999.86
3999.86
3999.86
3999.86
3999.86
3999.87
3999.87
3999.87
3999.87
3999.87
3999.87
3999.87
3999.87
3999.87
3999.87
3999.87
3999.88
3999.88
3999.88
3999.88
3999.88
3999.88
3999.88
3999.88
3999.88
3999.88
3999.88
3999.88
3999.89
3999.89
3999.89
3999.89
3999.89
3999.89
3999.89
3999.89
3999.89
3999.89
3999.89
3999.89
3999.90
3999.90
3999.90
3999.90
3999.90
3999.90
3999.90
3999.90
3999.90
3999.90
3999.90
3999.90
3999.90
3999.90
3999.91
3999.91
3999.91
3999.91
3999.91
3999.91
3999.91
3999.91
3999.91
3999.91
3999.91
3999.91
3999.91
3999.91
3999.91
3999.92
3999.92
3999.92
3999.92
3999.92
3999.92
3999.92
3999.92
3999.92
3999.92
3999.92
3999.92
3999.92
3999.92
3999.92
3999.92
3999.92
3999.92
3999.93
3999.93
3999.93
3999.93
3999.93
3999.93
3999.93
3999.93
3999.93
3999.93
3999.93
3999.93
3999.93
3999.93
3999.93
3999.93
3999.93
3999.93
3999.93
3999.93
3999.94
3999.94
3999.94
3999.94
3999.94
3999.94
3999.94
3999.94
3999.94
3999.94
3999.94
3999.94
3999.94
3999.94
3999.94
3999.94
3999.94
3999.94
3999.94
3999.94
3999.94
3999.94
3999.94
3999.95
3999.95
3999.95
3999.95
3999.95
3999.95
3999.95
3999.95
3999.95
3999.95
3999.95
3999.95
3999.95
3999.95
3999.95
3999.95
3999.95
3999.95
3999.95
3999.95
3999.95
3999.95
3999.95
3999.95
3999.95
3999.95
3999.95
3999.95
3999.96
3999.96
3999.96
3999.96
3999.96
3999.96
3999.96
3999.96
3999.96
3999.96
3999.96
3999.96
3999.96
3999.96
3999.96
3999.96
3999.96
3999.96
3999.96
3999.96
3999.96
3999.96
3999.96
3999.96
3999.96
3999.96
3999.96
3999.96
3999.96
3999.96
3999.96
3999.96
3999.96
3999.96
3999.96
3999.97
3999.97
3999.97
3999.97
3999.97
3999.97
3999.97
3999.97
3999.97
3999.97
3999.97
3999.97
3999.97
3999.97
3999.97
3999.97
3999.97
3999.97
3999.97
3999.97
3999.97
3999.97
3999.97
3999.97
3999.97
3999.97
3999.97
3999.97
3999.97
3999.97
3999.97
3999.97
3999.97
3999.97
3999.97
3999.97
3999.97
3999.97
3999.97
3999.97
3999.97
3999.97
3999.97
3999.97
3999.97
3999.97
3999.98
3999.98
3999.98
3999.98
3999.98
3999.98
3999.98
3999.98
3999.98
3999.98
3999.98
3999.98
3999.98
3999.98
3999.98
3999.98
3999.98
3999.98
3999.98
3999.98
3999.98
3999.98
3999.98
3999.98
3999.98
3999.98
3999.98
3999.98
3999.98
3999.98
3999.98
3999.98
3999.98
3999.98
3999.98
3999.98
3999.98
3999.98
3999.98
3999.98
3999.98
3999.98
3999.98
3999.98
3999.98
3999.98
3999.98
3999.98
3999.98
3999.98
3999.98
3999.98
3999.98
3999.98
3999.98
3999.98
3999.98
3999.98
3999.98
3999.98
3999.98
3999.98
3999.98
3999.98
3999.98
3999.98
3999.98
3999.98
3999.98
3999.98
3999.98
3999.99
3999.99
3999.99
3999.99
3999.99
3999.99
3999.99
3999.99
3999.99
3999.99
3999.99
3999.99
3999.99
3999.99
3999.99
3999.99
3999.99
3999.99
3999.99
3999.99
3999.99
3999.99
3999.99
3999.99
3999.99
3999.99
3999.99
3999.99
3999.99
3999.99
3999.99
3999.99
3999.99
3999.99
3999.99
3999.99
3999.99
3999.99
3999.99
3999.99
3999.99
3999.99
3999.99
3999.99
3999.99
3999.99
3999.99
3999.99
3999.99
3999.99
3999.99
3999.99
3999.99
3999.99
3999.99
3999.99
3999.99
3999.99
3999.99
3999.99
3999.99
3999.99
3999.99
3999.99
3999.99
3999.99
3999.99
3999.99
3999.99
3999.99
3999.99
3999.99
3999.99
3999.99
3999.99
3999.99
3999.99
3999.99
3999.99
3999.99
3999.99
3999.99
3999.99
3999.99
3999.99
3999.99
3999.99
3999.99
3999.99
3999.99
3999.99
3999.99
3999.99
3999.99
3999.99
3999.99
3999.99
3999.99
3999.99
3999.99
3999.99
3999.99
3999.99
3999.99
3999.99
3999.99
3999.99
3999.99
3999.99
3999.99
3999.99
3999.99
3999.99
3999.99
3999.99
3999.99
3999.99
3999.99
3999.99
3999.99
3999.99
3999.99
3999.99
3999.99
3999.99
3999.99
3999.99
3999.99
3999.99
3999.99
3999.99
3999.99
3999.99
3999.99
3999.99
3999.99
3999.99
3999.99
3999.99
3999.99
3999.99
3999.99
3999.99
3999.99
3999.99
3999.99
3999.99
3999.99
3999.99
3999.99
3999.99
3999.99
3999.99
4000.00
4000.00
4000.00
4000.00
4000.00
4000.00
4000.00
4000.00
4000.00
4000.00
4000.00
4000.00
4000.00
4000.00
4000.00
4000.00
4000.00
4000.00
4000.00
4000.00
4000.00
4000.00
4000.00
4000.00
4000.00
4000.00
4000.00
4000.00
4000.00
4000.00
4000.00
4000.00
4000.00
4000.00
4000.00
4000.00
4000.00
4000.00
4000.00
4000.00
4000.00
4000.00
4000.00
4000.00
4000.00
4000.00
4000.00
4000.00
4000.00
4000.00
4000.00
4000.00
4000.00
4000.00
4000.00
4000.00
4000.00
4000.00
4000.00
4000.00
4000.00
4000.00
4000.00
4000.00
4000.00
4000.00
4000.00
4000.00
4000.00
4000.00
4000.00
4000.00
4000.00
4000.00
4000.00
4000.00
4000.00
4000.00
4000.00
4000.00
4000.00
4000.00
4000.00
4000.00
4000.00
4000.00
4000.00
4000.00
4000.00
4000.00
4000.00
4000.00
4000.00
4000.00
4000.00
4000.00
4000.00
4000.00
4000.00
4000.00
4000.00
4000.00
4000.00
4000.00
4000.00
4000.00
4000.00
4000.00
4000.00
4000.00
4000.00
4000.00
4000.00
4000.00
4000.00
4000.00
4000.00
4000.00
4000.00
4000.00
4000.00
4000.00
4000.00
4000.00
4000.00
4000.00
4000.00
4000.00
4000.00
4000.00
4000.00
4000.00
4000.00
4000.00
4000.00
4000.00
4000.00
4000.00
4000.00
4000.00
4000.00
4000.00
4000.00
4000.00
4000.00
4000.00
4000.00
4000.00
4000.00
4000.00
4000.00
4000.00
4000.00
4000.00
4000.00
4000.00
4000.00
4000.00
4000.00
4000.00
4000.00
4000.00
4000.00
4000.00
4000.00
4000.00
4000.00
4000.00
4000.00
4000.00
4000.00
4000.00
4000.00
4000.00
4000.00
4000.00
4000.00
4000.00
4000.00
4000.00
4000.00
4000.00
4000.00
4000.00
4000.00
4000.00
4000.00
4000.00
4000.00
4000.00
4000.00
4000.00
4000.00
4000.00
4000.00
4000.00
4000.00
4000.00
4000.00
4000.00
4000.00
4000.00
4000.00
4000.00
4000.00
4000.00
4000.00
4000.00
4000.00
4000.00
4000.00
4000.00
4000.00
4000.00
4000.00
4000.00
4000.00
4000.00
4000.00
4000.00
4000.00
4000.00
4000.00
4000.00
4000.00
4000.00
4000.00
4000.00
4000.00
4000.00
4000.00
4000.00
4000.00
4000.00
4000.00
4000.00
4000.00
4000.00
4000.00
4000.00
4000.00
4000.00
4000.00
4000.00
4000.00
4000.00
4000.00
4000.00
4000.00
4000.00
4000.00
4000.00
4000.00
4000.00
4000.00
4000.00
4000.00
4000.00
4000.00
4000.00
4000.00
4000.00
4000.00
4000.00
4000.00
4000.00
4000.00
4000.00
4000.00
4000.00
4000.00
4000.00
4000.00
4000.00
4000.00
4000.00
4000.00
4000.00
4000.00
4000.00
4000.00
4000.00
4000.00
4000.00
4000.00
4000.00
4000.00
4000.00
4000.00
4000.00
4000.00
4000.00
4000.00
4000.00
4000.00
4000.00
4000.00
4000.00
4000.00
4000.00
4000.00
4000.00
4000.00
4000.00
4000.00
4000.00
4000.00
4000.00
4000.00
4000.00
4000.00
4000.00
4000.00
4000.00
4000.00
4000.00
4000.00
4000.00
4000.00
4000.00
4000.00
4000.00
4000.00
4000.00
4000.00
4000.00
4000.00
4000.00
4000.00
4000.00
4000.00
4000.00
4000.00
4000.00
4000.00
4000.00
4000.00
4000.00
4000.00
4000.00
4000.00
4000.00
4000.00
4000.00
4000.00
4000.00
4000.00
4000.00
4000.00
4000.00
4000.00
4000.00
4000.00
4000.00
4000.00
4000.00
4000.00
4000.00
4000.00
4000.00
4000.00
4000.00
4000.00
4000.00
4000.00
4000.00
4000.00
4000.00
4000.00
4000.00
4000.00
4000.00
4000.00
4000.00
4000.00
4000.00
4000.00
4000.00
4000.00
4000.00
4000.00
4000.00
4000.00
4000.00
4000.00
4000.00
4000.00
4000.00
4000.00
4000.00
4000.00
4000.00
4000.00
4000.00
4000.00
4000.00
4000.00
4000.00
4000.00
4000.00
4000.00
4000.00
4000.00
4000.00
4000.00
4000.00
4000.00
4000.00
4000.00
4000.00
4000.00
4000.00
4000.00
4000.00
4000.00
4000.00
4000.00
4000.00
4000.00
4000.00
4000.00
4000.00
4000.00
4000.00
4000.00
4000.00
4000.00
4000.00
4000.00
4000.00
4000.00
4000.00
4000.00
4000.00
4000.00
4000.00
4000.00
4000.00
4000.00
4000.00
4000.00
4000.00
4000.00
4000.00
4000.00
4000.00
4000.00
4000.00
4000.00
4000.00
4000.00
4000.00
4000.00
4000.00
4000.00
4000.00
4000.00
4000.00
4000.00
4000.00
4000.00
4000.00
4000.00
4000.00
4000.00
4000.00
4000.00
4000.00
4000.00
4000.00
4000.00
4000.00
4000.00
4000.00
4000.00
4000.00
4000.00
4000.00
4000.00
4000.00
4000.00
4000.00
4000.00
4000.00
4000.00
4000.00
4000.00
4000.00
4000.00
4000.00
4000.00
4000.00
4000.00
4000.00
4000.00
4000.00
4000.00
4000.00
4000.00
4000.00
4000.00
4000.00
4000.00
4000.00
4000.00
4000.00
4000.00
4000.00
4000.00
4000.00
4000.00
4000.00
4000.00
4000.00
4000.00
4000.00
4000.00
4000.00
4000.00
4000.00
4000.00
4000.00
4000.00
4000.00
4000.00
4000.00
4000.00
4000.00
4000.00
4000.00
4000.00
4000.00
4000.00
4000.00
4000.00
4000.00
4000.00
4000.00
4000.00
4000.00
4000.00
4000.00
4000.00
4000.00
4000.00
4000.00
4000.00
4000.00
4000.00
4000.00
4000.00
4000.00
4000.00
4000.00
4000.00
4000.00
4000.00
4000.00
4000.00
4000.00
4000.00
4000.00
4000.00
4000.00
4000.00
4000.00
4000.00
4000.00
4000.00
4000.00
4000.00
4000.00
4000.00
4000.00
4000.00
4000.00
4000.00
4000.00
4000.00
4000.00
4000.00
4000.00
4000.00
4000.00
4000.00
4000.00
4000.00
4000.00
4000.00
4000.00
4000.00
4000.00
4000.00
4000.00
4000.00
4000.00
4000.00
4000.00
4000.00
4000.00
4000.00
4000.00
4000.00
4000.00
4000.00
4000.00
4000.00
4000.00
4000.00
4000.00
4000.00
4000.00
4000.00
4000.00
4000.00
4000.00
4000.00
4000.00
4000.00
4000.00
4000.00
4000.00
4000.00
4000.00
4000.00
4000.00
4000.00
4000.00
4000.00
4000.00
4000.00
4000.00
4000.00
4000.00
4000.00
4000.00
4000.00
4000.00
4000.00
4000.00
4000.00
4000.00
4000.00
4000.00
4000.00
4000.00
4000.00
4000.00
4000.00
4000.00
4000.00
4000.00
4000.00
4000.00
4000.00
4000.00
4000.00
4000.00
4000.00
4000.00
4000.00
4000.00
4000.00
4000.00
4000.00
4000.00
4000.00
4000.00
4000.00
4000.00
4000.00
4000.00
4000.00
4000.00
4000.00
4000.00
4000.00
4000.00
4000.00
4000.00
4000.00
4000.00
4000.00
4000.00
4000.00
4000.00
4000.00
4000.00
4000.00
4000.00
4000.00
4000.00
4000.00
4000.00
4000.00
4000.00
4000.00
4000.00
4000.00
4000.00
4000.00
4000.00
4000.00
4000.00
4000.00
4000.00
4000.00
4000.00
4000.00
4000.00
4000.00
4000.00
4000.00
4000.00
4000.00
4000.00
4000.00
4000.00
4000.00
4000.00
4000.00
4000.00
4000.00
4000.00
4000.00
4000.00
4000.00
4000.00
4000.00
4000.00
4000.00
4000.00
4000.00
4000.00
4000.00
4000.00
4000.00
4000.00
4000.00
4000.00
4000.00
4000.00
4000.00
4000.00
4000.00
4000.00
4000.00
4000.00
4000.00
4000.00
4000.00
4000.00
4000.00
4000.00
4000.00
4000.00
4000.00
4000.00
4000.00
4000.00
4000.00
4000.00
4000.00
4000.00
4000.00
4000.00
4000.00
4000.00
4000.00
4000.00
4000.00
4000.00
4000.00
4000.00
4000.00
4000.00
4000.00
4000.00
4000.00
4000.00
4000.00
4000.00
4000.00
4000.00
4000.00
4000.00
4000.00
4000.00
4000.00
4000.00
4000.00
4000.00
4000.00
4000.00
4000.00
4000.00
4000.00
4000.00
4000.00
4000.00
4000.00
4000.00
4000.00
4000.00
4000.00
4000.00
4000.00
4000.00
4000.00
4000.00
4000.00
4000.00
4000.00
4000.00
4000.00
4000.00
4000.00
4000.00
4000.00
4000.00
4000.00
4000.00
4000.00
4000.00
4000.00
4000.00
4000.00
4000.00
4000.00
4000.00
4000.00
4000.00
4000.00
4000.00
4000.00
4000.00
4000.00
4000.00
4000.00
4000.00
4000.00
4000.00
4000.00
4000.00
4000.00
4000.00
4000.00
4000.00
4000.00
4000.00
4000.00
4000.00
4000.00
4000.00
4000.00
4000.00
4000.00
4000.00
4000.00
4000.00
4000.00
4000.00
4000.00
4000.00
4000.00
4000.00
4000.00
4000.00
4000.00
4000.00
4000.00
4000.00
4000.00
4000.00
4000.00
4000.00
4000.00
4000.00
4000.00
4000.00
4000.00
4000.00
4000.00
4000.00
4000.00
4000.00
4000.00
4000.00
4000.00
4000.00
4000.00
4000.00
4000.00
4000.00
4000.00
4000.00
4000.00
4000.00
4000.00
4000.00
4000.00
4000.00
4000.00
4000.00
4000.00
4000.00
4000.00
4000.00
4000.00
4000.00
4000.00
4000.00
4000.00
4000.00
4000.00
4000.00
4000.00
4000.00
4000.00
4000.00
4000.00
4000.00
4000.00
4000.00
4000.00
4000.00
4000.00
4000.00
4000.00
4000.00
4000.00
4000.00
4000.00
4000.00
4000.00
4000.00
4000.00
4000.00
4000.00
4000.00
4000.00
4000.00
4000.00
4000.00
4000.00
4000.00
4000.00
4000.00
4000.00
4000.00
4000.00
4000.00
4000.00
4000.00
4000.00
4000.00
4000.00
4000.00
4000.00
4000.00
4000.00
4000.00
4000.00
4000.00
4000.00
4000.00
4000.00
4000.00
4000.00
4000.00
4000.00
4000.00
4000.00
4000.00
4000.00
4000.00
4000.00
4000.00
4000.00
4000.00
4000.00
4000.00
4000.00
4000.00
4000.00
4000.00
4000.00
4000.00
4000.00
4000.00
4000.00
4000.00
4000.00
4000.00
4000.00
4000.00
4000.00
4000.00
4000.00
4000.00
4000.00
4000.00
4000.00
4000.00
4000.00
4000.00
4000.00
4000.00
4000.00
4000.00
4000.00
4000.00
4000.00
4000.00
4000.00
4000.00
4000.00
4000.00
4000.00
4000.00
4000.00
4000.00
4000.00
4000.00
4000.00
4000.00
4000.00
4000.00
4000.00
4000.00
4000.00
4000.00
4000.00
4000.00
4000.00
4000.00
4000.00
4000.00
4000.00
4000.00
4000.00
4000.00
4000.00
4000.00
4000.00
4000.00
4000.00
4000.00
4000.00
4000.00
4000.00
4000.00
4000.00
4000.00
4000.00
4000.00
4000.00
4000.00
4000.00
4000.00
4000.00
4000.00
4000.00
4000.00
4000.00
4000.00
4000.00
4000.00
4000.00
4000.00
4000.00
4000.00
4000.00
4000.00
4000.00
4000.00
4000.00
4000.00
4000.00
4000.00
4000.00
4000.00
4000.00
4000.00
4000.00
4000.00
4000.00
4000.00
4000.00
4000.00
4000.00
4000.00
4000.00
4000.00
4000.00
4000.00
4000.00
4000.00
4000.00
4000.00
4000.00
4000.00
4000.00
4000.00
4000.00
4000.00
4000.00
4000.00
4000.00
4000.00
4000.00
4000.00
4000.00
4000.00
4000.00
4000.00
4000.00
4000.00
4000.00
4000.00
4000.00
4000.00
4000.00
4000.00
4000.00
4000.00
4000.00
4000.00
4000.00
4000.00
4000.00
4000.00
4000.00
4000.00
4000.00
4000.00
4000.00
4000.00
4000.00
4000.00
4000.00
4000.00
4000.00
4000.00
4000.00
4000.00
4000.00
4000.00
4000.00
4000.00
4000.00
4000.00
4000.00
4000.00
4000.00
4000.00
4000.00
4000.00
4000.00
4000.00
4000.00
4000.00
4000.00
4000.00
4000.00
4000.00
4000.00
4000.00
4000.00
4000.00
4000.00
4000.00
4000.00
4000.00
4000.00
4000.00
4000.00
4000.00
4000.00
4000.00
4000.00
4000.00
4000.00
4000.00
4000.00
4000.00
4000.00
4000.00
4000.00
4000.00
4000.00
4000.00
4000.00
4000.00
4000.00
4000.00
4000.00
4000.00
4000.00
4000.00
4000.00
4000.00
4000.00
4000.00
4000.00
4000.00
4000.00
4000.00
4000.00
4000.00
4000.00
4000.00
4000.00
4000.00
4000.00
4000.00
4000.00
4000.00
4000.00
4000.00
4000.00
4000.00
4000.00
4000.00
4000.00
4000.00
4000.00
4000.00
4000.00
4000.00
4000.00
4000.00
4000.00
4000.00
4000.00
4000.00
4000.00
4000.00
4000.00
4000.00
4000.00
4000.00
4000.00
4000.00
4000.00
4000.00
4000.00
4000.00
4000.00
4000.00
4000.00
4000.00
4000.00
4000.00
4000.00
4000.00
4000.00
4000.00
4000.00
4000.00
4000.00
4000.00
4000.00
4000.00
4000.00
4000.00
4000.00
4000.00
4000.00
4000.00
4000.00
4000.00
4000.00
4000.00
4000.00
4000.00
4000.00
4000.00
4000.00
4000.00
4000.00
4000.00
4000.00
4000.00
4000.00
4000.00
4000.00
4000.00
4000.00
4000.00
4000.00
4000.00
4000.00
4000.00
4000.00
4000.00
4000.00
4000.00
4000.00
4000.00
4000.00
4000.00
4000.00
4000.00
4000.00
4000.00
4000.00
4000.00
4000.00
4000.00
4000.00
4000.00
4000.00
4000.00
4000.00
4000.00
4000.00
4000.00
4000.00
4000.00
4000.00
4000.00
4000.00
4000.00
4000.00
4000.00
4000.00
4000.00
4000.00
4000.00
4000.00
4000.00
4000.00
4000.00
4000.00
4000.00
4000.00
4000.00
4000.00
4000.00
4000.00
4000.00
4000.00
4000.00
4000.00
4000.00
4000.00
4000.00
4000.00
4000.00
4000.00
4000.00
4000.00
4000.00
4000.00
4000.00
4000.00
4000.00
4000.00
4000.00
4000.00
4000.00
4000.00
4000.00
4000.00
4000.00
4000.00
4000.00
4000.00
4000.00
4000.00
4000.00
4000.00
4000.00
4000.00
4000.00
4000.00
4000.00
4000.00
4000.00
4000.00
4000.00
4000.00
4000.00
4000.00
4000.00
4000.00
4000.00
4000.00
4000.00
4000.00
4000.00
4000.00
4000.00
4000.00
4000.00
4000.00
4000.00
4000.00
4000.00
4000.00
4000.00
4000.00
4000.00
4000.00
4000.00
4000.00
4000.00
4000.00
4000.00
4000.00
4000.00
4000.00
4000.00
4000.00
4000.00
4000.00
4000.00
4000.00
4000.00
4000.00
4000.00
4000.00
4000.00
4000.00
4000.00
4000.00
4000.00
4000.00
4000.00
4000.00
4000.00
4000.00
4000.00
4000.00
4000.00
4000.00
4000.00
4000.00
4000.00
4000.00
4000.00
4000.00
4000.00
4000.00
4000.00
4000.00
4000.00
4000.00
4000.00
4000.00
4000.00
4000.00
4000.00
4000.00
4000.00
4000.00
4000.00
4000.00
4000.00
4000.00
4000.00
4000.00
4000.00
4000.00
4000.00
4000.00
4000.00
4000.00
4000.00
4000.00
4000.00
4000.00
4000.00
4000.00
4000.00
4000.00
4000.00
4000.00
4000.00
4000.00
4000.00
4000.00
4000.00
4000.00
4000.00
4000.00
4000.00
4000.00
4000.00
4000.00
4000.00
4000.00
4000.00
4000.00
4000.00
4000.00
4000.00
4000.00
4000.00
4000.00
4000.00
4000.00
4000.00
4000.00
4000.00
4000.00
4000.00
4000.00
4000.00
4000.00
4000.00
4000.00
4000.00
4000.00
4000.00
4000.00
4000.00
4000.00
4000.00
4000.00
4000.00
4000.00
4000.00
4000.00
4000.00
4000.00
4000.00
4000.00
4000.00
4000.00
4000.00
4000.00
4000.00
4000.00
4000.00
4000.00
4000.00
4000.00
4000.00
4000.00
4000.00
4000.00
4000.00
4000.00
4000.00
4000.00
4000.00
4000.00
4000.00
4000.00
4000.00
4000.00
4000.00
4000.00
4000.00
4000.00
4000.00
4000.00
4000.00
4000.00
4000.00
4000.00
4000.00
4000.00
4000.00
4000.00
4000.00
4000.00
4000.00
4000.00
4000.00
4000.00
4000.00
4000.00
4000.00
4000.00
4000.00
4000.00
4000.00
4000.00
4000.00
4000.00
4000.00
4000.00
4000.00
4000.00
4000.00
4000.00
4000.00
4000.00
4000.00
4000.00
4000.00
4000.00
4000.00
4000.00
4000.00
4000.00
4000.00
4000.00
4000.00
4000.00
4000.00
4000.00
4000.00
4000.00
4000.00
4000.00
4000.00
4000.00
4000.00
4000.00
4000.00
4000.00
4000.00
4000.00
4000.00
4000.00
4000.00
4000.00
4000.00
4000.00
4000.00
4000.00
4000.00
4000.00
4000.00
4000.00
4000.00
4000.00
4000.00
4000.00
4000.00
4000.00
4000.00
4000.00
4000.00
4000.00
4000.00
4000.00
4000.00
4000.00
4000.00
4000.00
4000.00
4000.00
4000.00
4000.00
4000.00
4000.00
4000.00
4000.00
4000.00
4000.00
4000.00
4000.00
4000.00
4000.00
4000.00
4000.00
4000.00
4000.00
4000.00
4000.00
4000.00
4000.00
4000.00
4000.00
4000.00
4000.00
4000.00
4000.00
4000.00
4000.00
4000.00
4000.00
4000.00
4000.00
4000.00
4000.00
4000.00
4000.00
4000.00
4000.00
4000.00
4000.00
4000.00
4000.00
4000.00
4000.00
4000.00
4000.00
4000.00
4000.00
4000.00
4000.00
4000.00
4000.00
4000.00
4000.00
4000.00
4000.00
4000.00
4000.00
4000.00
4000.00
4000.00
4000.00
4000.00
4000.00
4000.00
4000.00
4000.00
4000.00
4000.00
4000.00
4000.00
4000.00
4000.00
4000.00
4000.00
4000.00
4000.00
4000.00
4000.00
4000.00
4000.00
4000.00
4000.00
4000.00
4000.00
4000.00
4000.00
4000.00
4000.00
4000.00
4000.00
4000.00
4000.00
4000.00
4000.00
4000.00
4000.00
4000.00
4000.00
4000.00
4000.00
4000.00
4000.00
4000.00
4000.00
4000.00
4000.00
4000.00
4000.00
4000.00
4000.00
4000.00
4000.00
4000.00
4000.00
4000.00
4000.00
4000.00
4000.00
4000.00
4000.00
4000.00
4000.00
4000.00
4000.00
4000.00
4000.00
4000.00
4000.00
4000.00
4000.00
4000.00
4000.00
4000.00
4000.00
4000.00
4000.00
4000.00
4000.00
4000.00
4000.00
4000.00
4000.00
4000.00
4000.00
4000.00
4000.00
4000.00
4000.00
4000.00
4000.00
4000.00
4000.00
4000.00
4000.00
4000.00
4000.00
4000.00
4000.00
4000.00
4000.00
4000.00
4000.00
4000.00
4000.00
4000.00
4000.00
4000.00
4000.00
4000.00
4000.00
4000.00
4000.00
4000.00
4000.00
4000.00
4000.00
4000.00
4000.00
4000.00
4000.00
4000.00
4000.00
4000.00
4000.00
4000.00
4000.00
4000.00
4000.00
4000.00
4000.00
4000.00
4000.00
4000.00
4000.00
4000.00
4000.00
4000.00
4000.00
4000.00
4000.00
4000.00
4000.00
4000.00
4000.00
4000.00
4000.00
4000.00
4000.00
4000.00
4000.00
4000.00
4000.00
4000.00
4000.00
4000.00
4000.00
4000.00
4000.00
4000.00
4000.00
4000.00
4000.00
4000.00
4000.00
4000.00
4000.00
4000.00
4000.00
4000.00
4000.00
4000.00
4000.00
4000.00
4000.00
4000.00
4000.00
4000.00
4000.00
4000.00
4000.00
4000.00
4000.00
4000.00
4000.00
4000.00
4000.00
4000.00
4000.00
4000.00
4000.00
4000.00
4000.00
4000.00
4000.00
4000.00
4000.00
4000.00
4000.00
4000.00
4000.00
4000.00
4000.00
4000.00
4000.00
4000.00
4000.00
4000.00
4000.00
4000.00
4000.00
4000.00
4000.00
4000.00
4000.00
4000.00
4000.00
4000.00
4000.00
4000.00
4000.00
4000.00
4000.00
4000.00
4000.00
4000.00
4000.00
4000.00
4000.00
4000.00
4000.00
4000.00
4000.00
4000.00
4000.00
4000.00
4000.00
4000.00
4000.00
4000.00
4000.00
4000.00
4000.00
4000.00
4000.00
4000.00
4000.00
4000.00
4000.00
4000.00
4000.00
4000.00
4000.00
4000.00
4000.00
4000.00
4000.00
4000.00
4000.00
4000.00
4000.00
4000.00
4000.00
4000.00
4000.00
4000.00
4000.00
4000.00
4000.00
4000.00
4000.00
4000.00
4000.00
4000.00
4000.00
4000.00
4000.00
4000.00
4000.00
4000.00
4000.00
4000.00
4000.00
4000.00
4000.00
4000.00
4000.00
4000.00
4000.00
4000.00
4000.00
4000.00
4000.00
4000.00
4000.00
4000.00
4000.00
4000.00
4000.00
4000.00
4000.00
4000.00
4000.00
4000.00
4000.00
4000.00
4000.00
4000.00
4000.00
4000.00
4000.00
4000.00
4000.00
4000.00
4000.00
4000.00
4000.00
4000.00
4000.00
4000.00
4000.00
4000.00
4000.00
4000.00
4000.00
4000.00
4000.00
4000.00
4000.00
4000.00
4000.00
4000.00
4000.00
4000.00
4000.00
4000.00
4000.00
4000.00
4000.00
4000.00
4000.00
4000.00
4000.00
4000.00
4000.00
4000.00
4000.00
4000.00
4000.00
4000.00
4000.00
4000.00
4000.00
4000.00
4000.00
4000.00
4000.00
4000.00
4000.00
4000.00
4000.00
4000.00
4000.00
4000.00
4000.00
4000.00
4000.00
4000.00
4000.00
4000.00
4000.00
4000.00
4000.00
4000.00
4000.00
4000.00
4000.00
4000.00
4000.00
4000.00
4000.00
4000.00
4000.00
4000.00
4000.00
4000.00
4000.00
4000.00
4000.00
4000.00
4000.00
4000.00
4000.00
4000.00
4000.00
4000.00
4000.00
4000.00
4000.00
4000.00
4000.00
4000.00
4000.00
4000.00
4000.00
4000.00
4000.00
4000.00
4000.00
4000.00
4000.00
4000.00
4000.00
4000.00
4000.00
4000.00
4000.00
4000.00
4000.00
4000.00
4000.00
4000.00
4000.00
4000.00
4000.00
4000.00
4000.00
4000.00
4000.00
4000.00
4000.00
4000.00
4000.00
4000.00
4000.00
