157.06
182.83
207.78
231.73
254.58
276.30
296.89
316.38
334.81
352.21
368.64
384.14
398.76
412.56
425.56
437.83
449.39
460.30
470.58
480.27
489.41
498.03
506.15
513.81
521.03
527.83
534.25
540.30
546.01
551.39
556.46
561.24
565.74
569.99
574.00
577.77
581.33
584.69
587.86
590.84
593.65
596.30
598.80
601.16
603.38
605.48
607.45
609.32
611.07
612.73
614.29
615.76
617.15
618.45
619.69
620.85
621.94
622.98
623.95
624.87
625.74
626.55
627.32
628.05
628.73
629.38
629.98
630.56
631.10
631.61
632.09
632.54
632.97
633.37
633.75
634.11
634.44
634.76
635.06
635.34
635.61
635.86
636.10
636.32
636.53
636.73
636.92
637.09
637.26
637.42
637.56
637.70
637.84
637.96
638.08
638.19
638.29
638.39
638.48
638.57
638.65
638.73
638.80
638.87
638.93
638.99
639.05
639.11
639.16
639.20
639.25
639.29
639.33
639.37
639.41
639.44
639.47
639.50
639.53
639.56
639.58
639.61
639.63
639.65
639.67
639.69
639.71
639.72
639.74
639.76
639.77
639.78
639.79
639.81
639.82
639.83
639.84
639.85
639.86
639.86
639.87
639.88
639.89
639.89
639.90
639.90
639.91
639.92
639.92
639.92
639.93
639.93
639.94
639.94
639.94
639.95
639.95
639.95
639.96
639.96
639.96
639.96
639.96
639.97
639.97
639.97
639.97
639.97
639.98
639.98
639.98
639.98
639.98
639.98
639.98
639.98
639.98
639.99
639.99
639.99
639.99
639.99
639.99
639.99
639.99
639.99
639.99
639.99
639.99
639.99
639.99
639.99
639.99
639.99
639.99
639.99
640.00
640.00
640.00
640.00
640.00
640.00
640.00
640.00
640.00
640.00
640.00
640.00
640.00
640.00
640.00
640.00
640.00
640.00
640.00
640.00
640.00
640.00
640.00
640.00
640.00
640.00
640.00
640.00
640.00
640.00
640.00
640.00
640.00
640.00
640.00
640.00
640.00
640.00
640.00
640.00
640.00
640.00
640.00
640.00
640.00
640.00
640.00
640.00
640.00
640.00
640.00
640.00
640.00
640.00
640.00
640.00
640.00
640.00
640.00
640.00
640.00
640.00
640.00
640.00
640.00
640.00
640.00
640.00
640.00
640.00
640.00
640.00
640.00
640.00
640.00
640.00
640.00
640.00
640.00
640.00
640.00
640.00
640.00
640.00
640.00
640.00
640.00
640.00
640.00
640.00
640.00
640.00
640.00
640.00
640.00
640.00
640.00
640.00
640.00
640.00
640.00
640.00
640.00
640.00
640.00
640.00
640.00
640.00
640.00
640.00
640.00
640.00
640.00
640.00
640.00
640.00
640.00
640.00
640.00
640.00
640.00
640.00
640.00
640.00
640.00
640.00
640.00
640.00
640.00
640.00
640.00
640.00
640.00
640.00
640.00
640.00
640.00
640.00
640.00
640.00
640.00
640.00
640.00
640.00
640.00
640.00
640.00
640.00
640.00
640.00
640.00
640.00
640.00
640.00
640.00
640.00
640.00
640.00
640.00
640.00
640.00
640.00
640.00
640.00
640.00
640.00
640.00
640.00
640.00
640.00
640.00
640.00
640.00
640.00
640.00
640.00
640.00
640.00
640.00
640.00
640.00
640.00
640.00
640.00
640.00
640.00
640.00
640.00
640.00
640.00
640.00
640.00
640.00
640.00
640.00
640.00
640.00
640.00
640.00
640.00
640.00
640.00
640.00
640.00
640.00
640.00
640.00
640.00
640.00
640.00
640.00
640.00
640.00
640.00
640.00
640.00
640.00
640.00
640.00
640.00
640.00
640.00
640.00
640.00
640.00
640.00
640.00
640.00
640.00
640.00
640.00
640.00
640.00
640.00
640.00
640.00
640.00
640.00
640.00
640.00
640.00
640.00
640.00
640.00
640.00
640.00
640.00
640.00
640.00
640.00
640.00
640.00
640.00
640.00
640.00
640.00
640.00
640.00
640.00
640.00
640.00
640.00
640.00
640.00
640.00
640.00
640.00
640.00
640.00
640.00
640.00
640.00
640.00
640.00
640.00
640.00
640.00
640.00
640.00
640.00
640.00
640.00
640.00
640.00
640.00
640.00
640.00
640.00
640.00
640.00
640.00
640.00
640.00
640.00
640.00
640.00
640.00
640.00
640.00
640.00
640.00
640.00
640.00
640.00
640.00
640.00
640.00
640.00
640.00
640.00
640.00
640.00
640.00
640.00
640.00
640.00
640.00
640.00
640.00
640.00
640.00
640.00
640.00
640.00
640.00
640.00
640.00
640.00
640.00
640.00
640.00
640.00
640.00
640.00
640.00
640.00
640.00
640.00
640.00
640.00
640.00
640.00
640.00
640.00
640.00
640.00
640.00
640.00
640.00
640.00
640.00
640.00
640.00
640.00
640.00
640.00
640.00
640.00
640.00
640.00
640.00
640.00
640.00
640.00
640.00
640.00
640.00
640.00
640.00
640.00
640.00
640.00
640.00
640.00
640.00
640.00
640.00
640.00
640.00
640.00
640.00
640.00
640.00
640.00
640.00
640.00
640.00
640.00
640.00
640.00
640.00
640.00
640.00
640.00
640.00
640.00
640.00
640.00
640.00
640.00
640.00
640.00
640.00
640.00
640.00
640.00
640.00
640.00
640.00
640.00
640.00
640.00
640.00
640.00
640.00
640.00
640.00
640.00
640.00
640.00
640.00
640.00
640.00
640.00
640.00
640.00
640.00
640.00
640.00
640.00
640.00
640.00
640.00
640.00
640.00
640.00
640.00
640.00
640.00
640.00
640.00
640.00
640.00
640.00
640.00
640.00
640.00
640.00
640.00
640.00
640.00
640.00
640.00
640.00
640.00
640.00
640.00
640.00
640.00
640.00
640.00
640.00
640.00
640.00
640.00
640.00
640.00
640.00
640.00
640.00
640.00
640.00
640.00
640.00
640.00
640.00
640.00
640.00
640.00
640.00
640.00
640.00
640.00
640.00
640.00
640.00
640.00
640.00
640.00
640.00
640.00
640.00
640.00
640.00
640.00
640.00
640.00
640.00
640.00
640.00
640.00
640.00
640.00
640.00
640.00
640.00
640.00
640.00
640.00
640.00
640.00
640.00
640.00
640.00
640.00
640.00
640.00
640.00
640.00
640.00
640.00
640.00
640.00
640.00
640.00
640.00
640.00
640.00
640.00
640.00
640.00
640.00
640.00
640.00
640.00
640.00
640.00
640.00
640.00
640.00
640.00
640.00
640.00
640.00
640.00
640.00
640.00
640.00
640.00
640.00
640.00
640.00
640.00
640.00
640.00
640.00
640.00
640.00
640.00
640.00
640.00
640.00
640.00
640.00
640.00
640.00
640.00
640.00
640.00
640.00
640.00
640.00
640.00
640.00
640.00
640.00
640.00
640.00
640.00
640.00
640.00
640.00
640.00
640.00
640.00
640.00
640.00
640.00
640.00
640.00
640.00
640.00
640.00
640.00
640.00
640.00
640.00
640.00
640.00
640.00
640.00
640.00
640.00
640.00
640.00
640.00
640.00
640.00
640.00
640.00
640.00
640.00
640.00
640.00
640.00
640.00
640.00
640.00
640.00
640.00
640.00
640.00
640.00
640.00
640.00
640.00
640.00
640.00
640.00
640.00
640.00
640.00
640.00
640.00
640.00
640.00
640.00
640.00
640.00
640.00
640.00
640.00
640.00
640.00
640.00
640.00
640.00
640.00
640.00
640.00
640.00
640.00
640.00
640.00
640.00
640.00
640.00
640.00
640.00
640.00
640.00
640.00
640.00
640.00
640.00
640.00
640.00
640.00
640.00
640.00
640.00
640.00
640.00
640.00
640.00
640.00
640.00
640.00
640.00
640.00
640.00
640.00
640.00
640.00
640.00
640.00
640.00
640.00
640.00
640.00
640.00
640.00
640.00
640.00
640.00
640.00
640.00
640.00
640.00
640.00
640.00
640.00
640.00
640.00
640.00
640.00
640.00
640.00
640.00
640.00
640.00
640.00
640.00
640.00
640.00
640.00
640.00
640.00
640.00
640.00
640.00
640.00
640.00
640.00
640.00
640.00
640.00
640.00
640.00
640.00
640.00
640.00
640.00
640.00
640.00
640.00
640.00
640.00
640.00
640.00
640.00
640.00
640.00
640.00
640.00
640.00
640.00
640.00
640.00
640.00
640.00
640.00
640.00
640.00
640.00
640.00
640.00
640.00
640.00
640.00
640.00
640.00
640.00
640.00
640.00
640.00
640.00
640.00
640.00
640.00
640.00
640.00
640.00
640.00
640.00
640.00
640.00
640.00
640.00
640.00
640.00
640.00
640.00
640.00
640.00
640.00
640.00
640.00
640.00
640.00
640.00
640.00
640.00
640.00
640.00
640.00
640.00
640.00
640.00
640.00
640.00
640.00
640.00
640.00
640.00
640.00
640.00
640.00
640.00
640.00
640.00
640.00
640.00
640.00
640.00
640.00
640.00
640.00
640.00
640.00
640.00
640.00
640.00
640.00
640.00
640.00
640.00
640.00
640.00
640.00
640.00
640.00
640.00
640.00
640.00
640.00
640.00
640.00
640.00
640.00
640.00
640.00
640.00
640.00
640.00
640.00
640.00
640.00
640.00
640.00
640.00
640.00
640.00
640.00
640.00
640.00
640.00
640.00
640.00
640.00
640.00
640.00
640.00
640.00
640.00
640.00
640.00
640.00
640.00
640.00
640.00
640.00
640.00
640.00
640.00
640.00
640.00
640.00
640.00
640.00
640.00
640.00
640.00
640.00
640.00
640.00
640.00
640.00
640.00
640.00
640.00
640.00
640.00
640.00
640.00
640.00
640.00
640.00
640.00
640.00
640.00
640.00
640.00
640.00
640.00
640.00
640.00
640.00
640.00
640.00
640.00
640.00
640.00
640.00
640.00
640.00
640.00
640.00
640.00
640.00
640.00
640.00
640.00
640.00
640.00
640.00
640.00
640.00
640.00
640.00
640.00
640.00
640.00
640.00
640.00
640.00
640.00
640.00
640.00
640.00
640.00
640.00
640.00
640.00
640.00
640.00
640.00
640.00
640.00
640.00
640.00
640.00
640.00
640.00
640.00
640.00
640.00
640.00
640.00
640.00
640.00
640.00
640.00
640.00
640.00
640.00
640.00
640.00
640.00
640.00
640.00
640.00
640.00
640.00
640.00
640.00
640.00
640.00
640.00
640.00
640.00
640.00
640.00
640.00
640.00
640.00
640.00
640.00
640.00
640.00
640.00
640.00
640.00
640.00
640.00
640.00
640.00
640.00
640.00
640.00
640.00
640.00
640.00
640.00
640.00
640.00
640.00
640.00
640.00
640.00
640.00
640.00
640.00
640.00
640.00
640.00
640.00
640.00
640.00
640.00
640.00
640.00
640.00
640.00
640.00
640.00
640.00
640.00
640.00
640.00
640.00
640.00
640.00
640.00
640.00
640.00
640.00
640.00
640.00
640.00
640.00
640.00
640.00
640.00
640.00
640.00
640.00
640.00
640.00
640.00
640.00
640.00
640.00
640.00
640.00
640.00
640.00
640.00
640.00
640.00
640.00
640.00
640.00
640.00
640.00
640.00
640.00
640.00
640.00
640.00
640.00
640.00
640.00
640.00
640.00
640.00
640.00
640.00
640.00
640.00
640.00
640.00
640.00
640.00
640.00
640.00
640.00
640.00
640.00
640.00
640.00
640.00
640.00
640.00
640.00
640.00
640.00
640.00
640.00
640.00
640.00
640.00
640.00
640.00
640.00
640.00
640.00
640.00
640.00
640.00
640.00
640.00
640.00
640.00
640.00
640.00
640.00
640.00
640.00
640.00
640.00
640.00
640.00
640.00
640.00
640.00
640.00
640.00
640.00
640.00
640.00
640.00
640.00
640.00
640.00
640.00
640.00
640.00
640.00
640.00
640.00
640.00
640.00
640.00
640.00
640.00
640.00
640.00
640.00
640.00
640.00
640.00
640.00
640.00
640.00
640.00
640.00
640.00
640.00
640.00
640.00
640.00
640.00
640.00
640.00
640.00
640.00
640.00
640.00
640.00
640.00
640.00
640.00
640.00
640.00
640.00
640.00
640.00
640.00
640.00
640.00
640.00
640.00
640.00
640.00
640.00
640.00
640.00
640.00
640.00
640.00
640.00
640.00
640.00
640.00
640.00
640.00
640.00
640.00
640.00
640.00
640.00
640.00
640.00
640.00
640.00
640.00
640.00
640.00
640.00
640.00
640.00
640.00
640.00
640.00
640.00
640.00
640.00
640.00
640.00
640.00
640.00
640.00
640.00
640.00
640.00
640.00
640.00
640.00
640.00
640.00
640.00
640.00
640.00
640.00
640.00
640.00
640.00
640.00
640.00
640.00
640.00
640.00
640.00
640.00
640.00
640.00
640.00
640.00
640.00
640.00
640.00
640.00
640.00
640.00
640.00
640.00
640.00
640.00
640.00
640.00
640.00
640.00
640.00
640.00
640.00
640.00
640.00
640.00
640.00
640.00
640.00
640.00
640.00
640.00
640.00
640.00
640.00
640.00
640.00
640.00
640.00
640.00
640.00
640.00
640.00
640.00
640.00
640.00
640.00
640.00
640.00
640.00
640.00
640.00
640.00
640.00
640.00
640.00
640.00
640.00
640.00
640.00
640.00
640.00
640.00
640.00
640.00
640.00
640.00
640.00
640.00
640.00
640.00
640.00
640.00
640.00
640.00
640.00
640.00
640.00
640.00
640.00
640.00
640.00
640.00
640.00
640.00
640.00
640.00
640.00
640.00
640.00
640.00
640.00
640.00
640.00
640.00
640.00
640.00
640.00
640.00
640.00
640.00
640.00
640.00
640.00
640.00
640.00
640.00
640.00
640.00
640.00
640.00
640.00
640.00
640.00
640.00
640.00
640.00
640.00
640.00
640.00
640.00
640.00
640.00
640.00
640.00
640.00
640.00
640.00
640.00
640.00
640.00
640.00
640.00
640.00
640.00
640.00
640.00
640.00
640.00
640.00
640.00
640.00
640.00
640.00
640.00
640.00
640.00
640.00
640.00
640.00
640.00
640.00
640.00
640.00
640.00
640.00
640.00
640.00
640.00
640.00
640.00
640.00
640.00
640.00
640.00
640.00
640.00
640.00
640.00
640.00
640.00
640.00
640.00
640.00
640.00
640.00
640.00
640.00
640.00
640.00
640.00
640.00
640.00
640.00
640.00
640.00
640.00
640.00
640.00
640.00
640.00
640.00
640.00
640.00
640.00
640.00
640.00
640.00
640.00
640.00
640.00
640.00
640.00
640.00
640.00
640.00
640.00
640.00
640.00
640.00
640.00
640.00
640.00
640.00
640.00
640.00
640.00
640.00
640.00
640.00
640.00
640.00
640.00
640.00
640.00
640.00
640.00
640.00
640.00
640.00
640.00
640.00
640.00
640.00
640.00
640.00
640.00
640.00
640.00
640.00
640.00
640.00
640.00
640.00
640.00
640.00
640.00
640.00
640.00
640.00
640.00
640.00
640.00
640.00
640.00
640.00
640.00
640.00
640.00
640.00
640.00
640.00
640.00
640.00
640.00
640.00
640.00
640.00
640.00
640.00
640.00
640.00
640.00
640.00
640.00
640.00
640.00
640.00
640.00
640.00
640.00
640.00
640.00
640.00
640.00
640.00
640.00
640.00
640.00
640.00
640.00
640.00
640.00
640.00
640.00
640.00
640.00
640.00
640.00
640.00
640.00
640.00
640.00
640.00
640.00
640.00
640.00
640.00
640.00
640.00
640.00
640.00
640.00
640.00
640.00
640.00
640.00
640.00
640.00
640.00
640.00
640.00
640.00
640.00
640.00
640.00
640.00
640.00
640.00
640.00
640.00
640.00
640.00
640.00
640.00
640.00
640.00
640.00
640.00
640.00
640.00
640.00
640.00
640.00
640.00
640.00
640.00
640.00
640.00
640.00
640.00
640.00
640.00
640.00
640.00
640.00
640.00
640.00
640.00
640.00
640.00
640.00
640.00
640.00
640.00
640.00
640.00
640.00
640.00
640.00
640.00
640.00
640.00
640.00
640.00
640.00
640.00
640.00
640.00
640.00
640.00
640.00
640.00
640.00
640.00
640.00
640.00
640.00
640.00
640.00
640.00
640.00
640.00
640.00
640.00
640.00
640.00
640.00
640.00
640.00
640.00
640.00
640.00
640.00
640.00
640.00
640.00
640.00
640.00
640.00
640.00
640.00
640.00
640.00
640.00
640.00
640.00
640.00
640.00
640.00
640.00
640.00
640.00
640.00
640.00
640.00
640.00
640.00
640.00
640.00
640.00
640.00
640.00
640.00
640.00
640.00
640.00
640.00
640.00
640.00
640.00
640.00
640.00
640.00
640.00
640.00
640.00
640.00
640.00
640.00
640.00
640.00
640.00
640.00
640.00
640.00
640.00
640.00
640.00
640.00
640.00
640.00
640.00
640.00
640.00
640.00
640.00
640.00
640.00
640.00
640.00
640.00
640.00
640.00
640.00
640.00
640.00
640.00
640.00
640.00
640.00
640.00
640.00
640.00
640.00
640.00
640.00
640.00
640.00
640.00
640.00
640.00
640.00
640.00
640.00
640.00
640.00
640.00
640.00
640.00
640.00
640.00
640.00
640.00
640.00
640.00
640.00
640.00
640.00
640.00
640.00
640.00
640.00
640.00
640.00
640.00
640.00
640.00
640.00
640.00
640.00
640.00
640.00
640.00
640.00
640.00
640.00
640.00
640.00
640.00
640.00
640.00
640.00
640.00
640.00
640.00
640.00
640.00
640.00
640.00
640.00
640.00
640.00
640.00
640.00
640.00
640.00
640.00
640.00
640.00
640.00
640.00
640.00
640.00
640.00
640.00
640.00
640.00
640.00
640.00
640.00
