89.86
109.28
128.10
146.32
163.94
180.95
197.37
213.22
228.52
243.27
257.49
271.21
284.44
297.19
309.49
321.35
332.78
343.81
354.43
364.68
374.56
384.08
393.26
402.12
410.65
418.88
426.82
434.47
441.84
448.95
455.81
462.42
468.79
474.93
480.85
486.56
492.07
497.38
502.50
507.43
512.19
516.77
521.19
525.46
529.57
533.53
537.35
541.03
544.58
548.01
551.31
554.49
557.56
560.52
563.37
566.12
568.77
571.33
573.79
576.17
578.46
580.66
582.79
584.85
586.83
588.73
590.57
592.35
594.06
595.70
597.29
598.83
600.30
601.73
603.10
604.43
605.70
606.93
608.12
609.26
610.37
611.43
612.45
613.44
614.40
615.31
616.20
617.05
617.88
618.67
619.44
620.17
620.89
621.57
622.23
622.87
623.49
624.08
624.65
625.20
625.73
626.24
626.74
627.21
627.67
628.11
628.54
628.95
629.35
629.73
630.10
630.45
630.80
631.13
631.45
631.75
632.05
632.33
632.61
632.87
633.13
633.38
633.61
633.84
634.06
634.28
634.48
634.68
634.87
635.05
635.23
635.40
635.57
635.73
635.88
636.03
636.17
636.31
636.44
636.57
636.69
636.81
636.92
637.04
637.14
637.24
637.34
637.44
637.53
637.62
637.70
637.79
637.87
637.94
638.02
638.09
638.16
638.22
638.29
638.35
638.41
638.46
638.52
638.57
638.62
638.67
638.72
638.77
638.81
638.85
638.89
638.93
638.97
639.01
639.04
639.08
639.11
639.14
639.17
639.20
639.23
639.26
639.29
639.31
639.34
639.36
639.38
639.41
639.43
639.45
639.47
639.49
639.51
639.52
639.54
639.56
639.57
639.59
639.60
639.62
639.63
639.64
639.66
639.67
639.68
639.69
639.70
639.71
639.72
639.73
639.74
639.75
639.76
639.77
639.78
639.79
639.79
639.80
639.81
639.82
639.82
639.83
639.83
639.84
639.85
639.85
639.86
639.86
639.87
639.87
639.88
639.88
639.89
639.89
639.89
639.90
639.90
639.90
639.91
639.91
639.91
639.92
639.92
639.92
639.93
639.93
639.93
639.93
639.94
639.94
639.94
639.94
639.94
639.95
639.95
639.95
639.95
639.95
639.96
639.96
639.96
639.96
639.96
639.96
639.96
639.97
639.97
639.97
639.97
639.97
639.97
639.97
639.97
639.97
639.98
639.98
639.98
639.98
639.98
639.98
639.98
639.98
639.98
639.98
639.98
639.98
639.98
639.98
639.99
639.99
639.99
639.99
639.99
639.99
639.99
639.99
639.99
639.99
639.99
639.99
639.99
639.99
639.99
639.99
639.99
639.99
639.99
639.99
639.99
639.99
639.99
639.99
639.99
639.99
639.99
639.99
639.99
639.99
640.00
640.00
640.00
640.00
640.00
640.00
640.00
640.00
640.00
640.00
640.00
640.00
640.00
640.00
640.00
640.00
640.00
640.00
640.00
640.00
640.00
640.00
640.00
640.00
640.00
640.00
640.00
640.00
640.00
640.00
640.00
640.00
640.00
640.00
640.00
640.00
640.00
640.00
640.00
640.00
640.00
640.00
640.00
640.00
640.00
640.00
640.00
640.00
640.00
640.00
640.00
640.00
640.00
640.00
640.00
640.00
640.00
640.00
640.00
640.00
640.00
640.00
640.00
640.00
640.00
640.00
640.00
640.00
640.00
640.00
640.00
640.00
640.00
640.00
640.00
640.00
640.00
640.00
640.00
640.00
640.00
640.00
640.00
640.00
640.00
640.00
640.00
640.00
640.00
640.00
640.00
640.00
640.00
640.00
640.00
640.00
640.00
640.00
640.00
640.00
640.00
640.00
640.00
640.00
640.00
640.00
640.00
640.00
640.00
640.00
640.00
640.00
640.00
640.00
640.00
640.00
640.00
640.00
640.00
640.00
640.00
640.00
640.00
640.00
640.00
640.00
640.00
640.00
640.00
640.00
640.00
640.00
640.00
640.00
640.00
640.00
640.00
640.00
640.00
640.00
640.00
640.00
640.00
640.00
640.00
640.00
640.00
640.00
640.00
640.00
640.00
640.00
640.00
640.00
640.00
640.00
640.00
640.00
640.00
640.00
640.00
640.00
640.00
640.00
640.00
640.00
640.00
640.00
640.00
640.00
640.00
640.00
640.00
640.00
640.00
640.00
640.00
640.00
640.00
640.00
640.00
640.00
640.00
640.00
640.00
640.00
640.00
640.00
640.00
640.00
640.00
640.00
640.00
640.00
640.00
640.00
640.00
640.00
640.00
640.00
640.00
640.00
640.00
640.00
640.00
640.00
640.00
640.00
640.00
640.00
640.00
640.00
640.00
640.00
640.00
640.00
640.00
640.00
640.00
640.00
640.00
640.00
640.00
640.00
640.00
640.00
640.00
640.00
640.00
640.00
640.00
640.00
640.00
640.00
640.00
640.00
640.00
640.00
640.00
640.00
640.00
640.00
640.00
640.00
640.00
640.00
640.00
640.00
640.00
640.00
640.00
640.00
640.00
640.00
640.00
640.00
640.00
640.00
640.00
640.00
640.00
640.00
640.00
640.00
640.00
640.00
640.00
640.00
640.00
640.00
640.00
640.00
640.00
640.00
640.00
640.00
640.00
640.00
640.00
640.00
640.00
640.00
640.00
640.00
640.00
640.00
640.00
640.00
640.00
640.00
640.00
640.00
640.00
640.00
640.00
640.00
640.00
640.00
640.00
640.00
640.00
640.00
640.00
640.00
640.00
640.00
640.00
640.00
640.00
640.00
640.00
640.00
640.00
640.00
640.00
640.00
640.00
640.00
640.00
640.00
640.00
640.00
640.00
640.00
640.00
640.00
640.00
640.00
640.00
640.00
640.00
640.00
640.00
640.00
640.00
640.00
640.00
640.00
640.00
640.00
640.00
640.00
640.00
640.00
640.00
640.00
640.00
640.00
640.00
640.00
640.00
640.00
640.00
640.00
640.00
640.00
640.00
640.00
640.00
640.00
640.00
640.00
640.00
640.00
640.00
640.00
640.00
640.00
640.00
640.00
640.00
640.00
640.00
640.00
640.00
640.00
640.00
640.00
640.00
640.00
640.00
640.00
640.00
640.00
640.00
640.00
640.00
640.00
640.00
640.00
640.00
640.00
640.00
640.00
640.00
640.00
640.00
640.00
640.00
640.00
640.00
640.00
640.00
640.00
640.00
640.00
640.00
640.00
640.00
640.00
640.00
640.00
640.00
640.00
640.00
640.00
640.00
640.00
640.00
640.00
640.00
640.00
640.00
640.00
640.00
640.00
640.00
640.00
640.00
640.00
640.00
640.00
640.00
640.00
640.00
640.00
640.00
640.00
640.00
640.00
640.00
640.00
640.00
640.00
640.00
640.00
640.00
640.00
640.00
640.00
640.00
640.00
640.00
640.00
640.00
640.00
640.00
640.00
640.00
640.00
640.00
640.00
640.00
640.00
640.00
640.00
640.00
640.00
640.00
640.00
640.00
640.00
640.00
640.00
640.00
640.00
640.00
640.00
640.00
640.00
640.00
640.00
640.00
640.00
640.00
640.00
640.00
640.00
640.00
640.00
640.00
640.00
640.00
640.00
640.00
640.00
640.00
640.00
640.00
640.00
640.00
640.00
640.00
640.00
640.00
640.00
640.00
640.00
640.00
640.00
640.00
640.00
640.00
640.00
640.00
640.00
640.00
640.00
640.00
640.00
640.00
640.00
640.00
640.00
640.00
640.00
640.00
640.00
640.00
640.00
640.00
640.00
640.00
640.00
640.00
640.00
640.00
640.00
640.00
640.00
640.00
640.00
640.00
640.00
640.00
640.00
640.00
640.00
640.00
640.00
640.00
640.00
640.00
640.00
640.00
640.00
640.00
640.00
640.00
640.00
640.00
640.00
640.00
640.00
640.00
640.00
640.00
640.00
640.00
640.00
640.00
640.00
640.00
640.00
640.00
640.00
640.00
640.00
640.00
640.00
640.00
640.00
640.00
640.00
640.00
640.00
640.00
640.00
640.00
640.00
640.00
640.00
640.00
640.00
640.00
640.00
640.00
640.00
640.00
640.00
640.00
640.00
640.00
640.00
640.00
640.00
640.00
640.00
640.00
640.00
640.00
640.00
640.00
640.00
640.00
640.00
640.00
640.00
640.00
640.00
640.00
640.00
640.00
640.00
640.00
640.00
640.00
640.00
640.00
640.00
640.00
640.00
640.00
640.00
640.00
640.00
640.00
640.00
640.00
640.00
640.00
640.00
640.00
640.00
640.00
640.00
640.00
640.00
640.00
640.00
640.00
640.00
640.00
640.00
640.00
640.00
640.00
640.00
640.00
640.00
640.00
640.00
640.00
640.00
640.00
640.00
640.00
640.00
640.00
640.00
640.00
640.00
640.00
640.00
640.00
640.00
640.00
640.00
640.00
640.00
640.00
640.00
640.00
640.00
640.00
640.00
640.00
640.00
640.00
640.00
640.00
640.00
640.00
640.00
640.00
640.00
640.00
640.00
640.00
640.00
640.00
640.00
640.00
640.00
640.00
640.00
640.00
640.00
640.00
640.00
640.00
640.00
640.00
640.00
640.00
640.00
640.00
640.00
640.00
640.00
640.00
640.00
640.00
640.00
640.00
640.00
640.00
640.00
640.00
640.00
640.00
640.00
640.00
640.00
640.00
640.00
640.00
640.00
640.00
640.00
640.00
640.00
640.00
640.00
640.00
640.00
640.00
640.00
640.00
640.00
640.00
640.00
640.00
640.00
640.00
640.00
640.00
640.00
640.00
640.00
640.00
640.00
640.00
640.00
640.00
640.00
640.00
640.00
640.00
640.00
640.00
640.00
640.00
640.00
640.00
640.00
640.00
640.00
640.00
640.00
640.00
640.00
640.00
640.00
640.00
640.00
640.00
640.00
640.00
640.00
640.00
640.00
640.00
640.00
640.00
640.00
640.00
640.00
640.00
640.00
640.00
640.00
640.00
640.00
640.00
640.00
640.00
640.00
640.00
640.00
640.00
640.00
640.00
640.00
640.00
640.00
640.00
640.00
640.00
640.00
640.00
640.00
640.00
640.00
640.00
640.00
640.00
640.00
640.00
640.00
640.00
640.00
640.00
640.00
640.00
640.00
640.00
640.00
640.00
640.00
640.00
640.00
640.00
640.00
640.00
640.00
640.00
640.00
640.00
640.00
640.00
640.00
640.00
640.00
640.00
640.00
640.00
640.00
640.00
640.00
640.00
640.00
640.00
640.00
640.00
640.00
640.00
640.00
640.00
640.00
640.00
640.00
640.00
640.00
640.00
640.00
640.00
640.00
640.00
640.00
640.00
640.00
640.00
640.00
640.00
640.00
640.00
640.00
640.00
640.00
640.00
640.00
640.00
640.00
640.00
640.00
640.00
640.00
640.00
640.00
640.00
640.00
640.00
640.00
640.00
640.00
640.00
640.00
640.00
640.00
640.00
640.00
640.00
640.00
640.00
640.00
640.00
640.00
640.00
640.00
640.00
640.00
640.00
640.00
640.00
640.00
640.00
640.00
640.00
640.00
640.00
640.00
640.00
640.00
640.00
640.00
640.00
640.00
640.00
640.00
640.00
640.00
640.00
640.00
640.00
640.00
640.00
640.00
640.00
640.00
640.00
640.00
640.00
640.00
640.00
640.00
640.00
640.00
640.00
640.00
640.00
640.00
640.00
640.00
640.00
640.00
640.00
640.00
640.00
640.00
640.00
640.00
640.00
640.00
640.00
640.00
640.00
640.00
640.00
640.00
640.00
640.00
640.00
640.00
640.00
640.00
640.00
640.00
640.00
640.00
640.00
640.00
640.00
640.00
640.00
640.00
640.00
640.00
640.00
640.00
640.00
640.00
640.00
640.00
640.00
640.00
640.00
640.00
640.00
640.00
640.00
640.00
640.00
640.00
640.00
640.00
640.00
640.00
640.00
640.00
640.00
640.00
640.00
640.00
640.00
640.00
640.00
640.00
640.00
640.00
640.00
640.00
640.00
640.00
640.00
640.00
640.00
640.00
640.00
640.00
640.00
640.00
640.00
640.00
640.00
640.00
640.00
640.00
640.00
640.00
640.00
640.00
640.00
640.00
640.00
640.00
640.00
640.00
640.00
640.00
640.00
640.00
640.00
640.00
640.00
640.00
640.00
640.00
640.00
640.00
640.00
640.00
640.00
640.00
640.00
640.00
640.00
640.00
640.00
640.00
640.00
640.00
640.00
640.00
640.00
640.00
640.00
640.00
640.00
640.00
640.00
640.00
640.00
640.00
640.00
640.00
640.00
640.00
640.00
640.00
640.00
640.00
640.00
640.00
640.00
640.00
640.00
640.00
640.00
640.00
640.00
640.00
640.00
640.00
640.00
640.00
640.00
640.00
640.00
640.00
640.00
640.00
640.00
640.00
640.00
640.00
640.00
640.00
640.00
640.00
640.00
640.00
640.00
640.00
640.00
640.00
640.00
640.00
640.00
640.00
640.00
640.00
640.00
640.00
640.00
640.00
640.00
640.00
640.00
640.00
640.00
640.00
640.00
640.00
640.00
640.00
640.00
640.00
640.00
640.00
640.00
640.00
640.00
640.00
640.00
640.00
640.00
640.00
640.00
640.00
640.00
640.00
640.00
640.00
640.00
640.00
640.00
640.00
640.00
640.00
640.00
640.00
640.00
640.00
640.00
640.00
640.00
640.00
640.00
640.00
640.00
640.00
640.00
640.00
640.00
640.00
640.00
640.00
640.00
640.00
640.00
640.00
640.00
640.00
640.00
640.00
640.00
640.00
640.00
640.00
640.00
640.00
640.00
640.00
640.00
640.00
640.00
640.00
640.00
640.00
640.00
640.00
640.00
640.00
640.00
640.00
640.00
640.00
640.00
640.00
640.00
640.00
640.00
640.00
640.00
640.00
640.00
640.00
640.00
640.00
640.00
640.00
640.00
640.00
640.00
640.00
640.00
640.00
640.00
640.00
640.00
640.00
640.00
640.00
640.00
640.00
640.00
640.00
640.00
640.00
640.00
640.00
640.00
640.00
640.00
640.00
640.00
640.00
640.00
640.00
640.00
640.00
640.00
640.00
640.00
640.00
640.00
640.00
640.00
640.00
640.00
640.00
640.00
640.00
640.00
640.00
640.00
640.00
640.00
640.00
640.00
640.00
640.00
640.00
640.00
640.00
640.00
640.00
640.00
640.00
640.00
640.00
640.00
640.00
640.00
640.00
640.00
640.00
640.00
640.00
640.00
640.00
640.00
640.00
640.00
640.00
640.00
640.00
640.00
640.00
640.00
640.00
640.00
640.00
640.00
640.00
640.00
640.00
640.00
640.00
640.00
640.00
640.00
640.00
640.00
640.00
640.00
640.00
640.00
640.00
640.00
640.00
640.00
640.00
640.00
640.00
640.00
640.00
640.00
640.00
640.00
640.00
640.00
640.00
640.00
640.00
640.00
640.00
640.00
640.00
640.00
640.00
640.00
640.00
640.00
640.00
640.00
640.00
640.00
640.00
640.00
640.00
640.00
640.00
640.00
640.00
640.00
640.00
640.00
640.00
640.00
640.00
640.00
640.00
640.00
640.00
640.00
640.00
640.00
640.00
640.00
640.00
640.00
640.00
640.00
640.00
640.00
640.00
640.00
640.00
640.00
640.00
640.00
640.00
640.00
640.00
640.00
640.00
640.00
640.00
640.00
640.00
640.00
640.00
640.00
640.00
640.00
640.00
640.00
640.00
640.00
640.00
640.00
640.00
640.00
640.00
640.00
640.00
640.00
640.00
640.00
640.00
640.00
640.00
640.00
640.00
640.00
640.00
640.00
640.00
640.00
640.00
640.00
640.00
640.00
640.00
640.00
640.00
640.00
640.00
640.00
640.00
640.00
640.00
640.00
640.00
640.00
640.00
640.00
640.00
640.00
640.00
640.00
640.00
640.00
640.00
640.00
640.00
640.00
640.00
640.00
640.00
640.00
640.00
640.00
640.00
640.00
640.00
640.00
640.00
640.00
640.00
640.00
640.00
640.00
640.00
640.00
640.00
640.00
640.00
640.00
640.00
640.00
640.00
640.00
640.00
640.00
640.00
640.00
640.00
640.00
640.00
640.00
640.00
640.00
640.00
640.00
640.00
640.00
640.00
640.00
640.00
640.00
640.00
640.00
640.00
640.00
640.00
640.00
640.00
640.00
640.00
640.00
640.00
640.00
640.00
640.00
640.00
640.00
640.00
640.00
640.00
640.00
640.00
640.00
640.00
640.00
640.00
640.00
640.00
640.00
640.00
640.00
640.00
640.00
640.00
640.00
640.00
640.00
640.00
640.00
640.00
640.00
640.00
640.00
640.00
640.00
640.00
640.00
640.00
640.00
640.00
640.00
640.00
640.00
640.00
640.00
640.00
640.00
640.00
640.00
640.00
640.00
640.00
640.00
640.00
640.00
640.00
640.00
640.00
640.00
640.00
640.00
640.00
640.00
640.00
640.00
640.00
640.00
640.00
640.00
640.00
640.00
640.00
640.00
640.00
640.00
640.00
640.00
640.00
640.00
640.00
640.00
640.00
640.00
640.00
640.00
640.00
640.00
640.00
640.00
640.00
640.00
640.00
640.00
640.00
640.00
640.00
640.00
640.00
640.00
640.00
640.00
640.00
640.00
640.00
640.00
640.00
640.00
640.00
640.00
640.00
640.00
640.00
640.00
640.00
640.00
640.00
640.00
640.00
640.00
640.00
640.00
640.00
640.00
640.00
640.00
640.00
640.00
640.00
640.00
640.00
640.00
640.00
640.00
640.00
640.00
640.00
640.00
640.00
640.00
640.00
640.00
640.00
640.00
640.00
640.00
640.00
640.00
640.00
640.00
640.00
640.00
640.00
640.00
640.00
640.00
640.00
640.00
640.00
640.00
640.00
