153.51
249.38
318.08
376.55
428.10
474.87
517.98
558.19
596.04
631.90
666.06
698.75
730.16
760.42
789.67
818.01
845.53
872.30
898.38
923.84
948.72
973.08
996.93
1020.33
1043.29
1065.85
1088.03
1109.86
1131.34
1152.50
1173.36
1193.93
1214.22
1234.25
1254.02
1273.55
1292.84
1311.91
1330.76
1349.41
1367.85
1386.09
1404.14
1422.01
1439.70
1457.22
1474.57
1491.75
1508.77
1525.64
1542.35
1558.92
1575.34
1591.61
1607.75
1623.75
1639.62
1655.36
1670.97
1686.45
1701.81
1717.04
1732.16
1747.16
1762.04
1776.81
1791.46
1806.01
1820.45
1834.78
1849.00
1863.12
1877.14
1891.05
1904.87
1918.58
1932.20
1945.72
1959.15
1972.48
1985.71
1998.86
2011.91
2024.87
2037.75
2050.53
2063.23
2075.84
2088.36
2100.80
2113.15
2125.42
2137.60
2149.71
2161.73
2173.67
2185.53
2197.32
2209.02
2220.64
2232.19
2243.66
2255.06
2266.38
2277.62
2288.79
2299.89
2310.91
2321.86
2332.74
2343.54
2354.28
2364.94
2375.54
2386.06
2396.52
2406.90
2417.22
2427.47
2437.66
2447.78
2457.83
2467.82
2477.74
2487.59
2497.38
2507.11
2516.78
2526.38
2535.92
2545.40
2554.81
2564.17
2573.46
2582.69
2591.87
2600.98
2610.03
2619.03
2627.97
2636.84
2645.67
2654.43
2663.14
2671.79
2680.38
2688.92
2697.40
2705.83
2714.21
2722.53
2730.79
2739.00
2747.16
2755.27
2763.32
2771.32
2779.27
2787.17
2795.02
2802.81
2810.56
2818.25
2825.90
2833.49
2841.04
2848.54
2855.99
2863.39
2870.74
2878.05
2885.30
2892.51
2899.68
2906.80
2913.87
2920.90
2927.88
2934.81
2941.70
2948.55
2955.35
2962.11
2968.82
2975.49
2982.12
2988.71
2995.25
3001.75
3008.20
3014.62
3020.99
3027.33
3033.62
3039.87
3046.08
3052.25
3058.38
3064.47
3070.53
3076.54
3082.51
3088.45
3094.34
3100.20
3106.02
3111.81
3117.55
3123.26
3128.93
3134.57
3140.16
3145.73
3151.25
3156.74
3162.20
3167.62
3173.00
3178.35
3183.67
3188.95
3194.19
3199.41
3204.58
3209.73
3214.84
3219.92
3224.97
3229.98
3234.96
3239.91
3244.83
3249.71
3254.57
3259.39
3264.18
3268.94
3273.67
3278.37
3283.03
3287.67
3292.28
3296.86
3301.41
3305.92
3310.41
3314.88
3319.31
3323.71
3328.09
3332.43
3336.75
3341.04
3345.30
3349.54
3353.75
3357.93
3362.08
3366.21
3370.31
3374.38
3378.43
3382.45
3386.44
3390.41
3394.35
3398.27
3402.16
3406.03
3409.87
3413.69
3417.48
3421.25
3424.99
3428.71
3432.41
3436.08
3439.73
3443.35
3446.95
3450.53
3454.09
3457.62
3461.13
3464.61
3468.07
3471.52
3474.93
3478.33
3481.71
3485.06
3488.39
3491.70
3494.99
3498.25
3501.50
3504.72
3507.93
3511.11
3514.27
3517.41
3520.54
3523.64
3526.72
3529.78
3532.82
3535.84
3538.85
3541.83
3544.79
3547.74
3550.66
3553.57
3556.46
3559.33
3562.18
3565.01
3567.82
3570.62
3573.40
3576.16
3578.90
3581.62
3584.33
3587.02
3589.69
3592.34
3594.98
3597.60
3600.20
3602.79
3605.36
3607.91
3610.45
3612.97
3615.47
3617.96
3620.43
3622.89
3625.32
3627.75
3630.16
3632.55
3634.93
3637.29
3639.63
3641.96
3644.28
3646.58
3648.87
3651.14
3653.40
3655.64
3657.87
3660.08
3662.28
3664.46
3666.63
3668.79
3670.93
3673.06
3675.18
3677.28
3679.36
3681.44
3683.50
3685.55
3687.58
3689.60
3691.61
3693.60
3695.59
3697.55
3699.51
3701.46
3703.39
3705.31
3707.21
3709.11
3710.99
3712.86
3714.71
3716.56
3718.39
3720.21
3722.02
3723.82
3725.61
3727.38
3729.15
3730.90
3732.64
3734.37
3736.09
3737.80
3739.49
3741.18
3742.85
3744.51
3746.17
3747.81
3749.44
3751.06
3752.67
3754.27
3755.86
3757.44
3759.01
3760.57
3762.12
3763.66
3765.18
3766.70
3768.21
3769.71
3771.20
3772.68
3774.15
3775.61
3777.06
3778.51
3779.94
3781.36
3782.78
3784.18
3785.58
3786.97
3788.34
3789.71
3791.07
3792.42
3793.77
3795.10
3796.43
3797.74
3799.05
3800.35
3801.64
3802.93
3804.20
3805.47
3806.73
3807.98
3809.22
3810.45
3811.68
3812.90
3814.11
3815.31
3816.50
3817.69
3818.87
3820.04
3821.21
3822.36
3823.51
3824.65
3825.79
3826.91
3828.03
3829.15
3830.25
3831.35
3832.44
3833.52
3834.60
3835.67
3836.73
3837.79
3838.84
3839.88
3840.92
3841.95
3842.97
3843.99
3844.99
3846.00
3846.99
3847.98
3848.97
3849.94
3850.91
3851.88
3852.84
3853.79
3854.73
3855.67
3856.61
3857.54
3858.46
3859.37
3860.28
3861.19
3862.08
3862.98
3863.86
3864.74
3865.62
3866.49
3867.35
3868.21
3869.06
3869.91
3870.75
3871.59
3872.42
3873.24
3874.06
3874.88
3875.69
3876.49
3877.29
3878.08
3878.87
3879.65
3880.43
3881.21
3881.98
3882.74
3883.50
3884.25
3885.00
3885.74
3886.48
3887.22
3887.95
3888.67
3889.39
3890.11
3890.82
3891.52
3892.23
3892.92
3893.62
3894.30
3894.99
3895.67
3896.34
3897.01
3897.68
3898.34
3899.00
3899.65
3900.30
3900.95
3901.59
3902.22
3902.86
3903.48
3904.11
3904.73
3905.34
3905.96
3906.57
3907.17
3907.77
3908.37
3908.96
3909.55
3910.13
3910.71
3911.29
3911.87
3912.44
3913.00
3913.57
3914.12
3914.68
3915.23
3915.78
3916.32
3916.87
3917.40
3917.94
3918.47
3919.00
3919.52
3920.04
3920.56
3921.07
3921.58
3922.09
3922.59
3923.09
3923.59
3924.09
3924.58
3925.07
3925.55
3926.03
3926.51
3926.99
3927.46
3927.93
3928.39
3928.86
3929.32
3929.77
3930.23
3930.68
3931.13
3931.57
3932.02
3932.46
3932.89
3933.33
3933.76
3934.19
3934.61
3935.04
3935.46
3935.87
3936.29
3936.70
3937.11
3937.52
3937.92
3938.32
3938.72
3939.12
3939.51
3939.90
3940.29
3940.68
3941.06
3941.44
3941.82
3942.20
3942.57
3942.94
3943.31
3943.68
3944.04
3944.41
3944.76
3945.12
3945.48
3945.83
3946.18
3946.53
3946.87
3947.22
3947.56
3947.90
3948.24
3948.57
3948.90
3949.23
3949.56
3949.89
3950.21
3950.53
3950.85
3951.17
3951.49
3951.80
3952.11
3952.42
3952.73
3953.04
3953.34
3953.64
3953.94
3954.24
3954.54
3954.83
3955.12
3955.41
3955.70
3955.99
3956.27
3956.56
3956.84
3957.12
3957.39
3957.67
3957.94
3958.21
3958.49
3958.75
3959.02
3959.29
3959.55
3959.81
3960.07
3960.33
3960.59
3960.84
3961.09
3961.35
3961.60
3961.84
3962.09
3962.34
3962.58
3962.82
3963.06
3963.30
3963.54
3963.77
3964.01
3964.24
3964.47
3964.70
3964.93
3965.16
3965.38
3965.61
3965.83
3966.05
3966.27
3966.49
3966.71
3966.92
3967.13
3967.35
3967.56
3967.77
3967.98
3968.18
3968.39
3968.59
3968.80
3969.00
3969.20
3969.40
3969.60
3969.79
3969.99
3970.18
3970.38
3970.57
3970.76
3970.95
3971.13
3971.32
3971.51
3971.69
3971.87
3972.06
3972.24
3972.42
3972.60
3972.77
3972.95
3973.12
3973.30
3973.47
3973.64
3973.81
3973.98
3974.15
3974.32
3974.48
3974.65
3974.81
3974.98
3975.14
3975.30
3975.46
3975.62
3975.77
3975.93
3976.09
3976.24
3976.40
3976.55
3976.70
3976.85
3977.00
3977.15
3977.30
3977.44
3977.59
3977.73
3977.88
3978.02
3978.16
3978.30
3978.45
3978.58
3978.72
3978.86
3979.00
3979.13
3979.27
3979.40
3979.54
3979.67
3979.80
3979.93
3980.06
3980.19
3980.32
3980.44
3980.57
3980.70
3980.82
3980.95
3981.07
3981.19
3981.31
3981.43
3981.55
3981.67
3981.79
3981.91
3982.03
3982.14
3982.26
3982.37
3982.49
3982.60
3982.71
3982.82
3982.94
3983.05
3983.16
3983.27
3983.37
3983.48
3983.59
3983.69
3983.80
3983.90
3984.01
3984.11
3984.21
3984.32
3984.42
3984.52
3984.62
3984.72
3984.82
3984.92
3985.01
3985.11
3985.21
3985.30
3985.40
3985.49
3985.59
3985.68
3985.77
3985.86
3985.95
3986.05
3986.14
3986.23
3986.31
3986.40
3986.49
3986.58
3986.67
3986.75
3986.84
3986.92
3987.01
3987.09
3987.17
3987.26
3987.34
3987.42
3987.50
3987.58
3987.66
3987.74
3987.82
3987.90
3987.98
3988.06
3988.14
3988.21
3988.29
3988.36
3988.44
3988.51
3988.59
3988.66
3988.74
3988.81
3988.88
3988.95
3989.02
3989.10
3989.17
3989.24
3989.31
3989.37
3989.44
3989.51
3989.58
3989.65
3989.71
3989.78
3989.85
3989.91
3989.98
3990.04
3990.11
3990.17
3990.23
3990.30
3990.36
3990.42
3990.48
3990.55
3990.61
3990.67
3990.73
3990.79
3990.85
3990.91
3990.97
3991.02
3991.08
3991.14
3991.20
3991.25
3991.31
3991.37
3991.42
3991.48
3991.53
3991.59
3991.64
3991.70
3991.75
3991.80
3991.86
3991.91
3991.96
3992.01
3992.07
3992.12
3992.17
3992.22
3992.27
3992.32
3992.37
3992.42
3992.47
3992.52
3992.56
3992.61
3992.66
3992.71
3992.75
3992.80
3992.85
3992.89
3992.94
3992.99
3993.03
3993.08
3993.12
3993.17
3993.21
3993.25
3993.30
3993.34
3993.38
3993.43
3993.47
3993.51
3993.55
3993.60
3993.64
3993.68
3993.72
3993.76
3993.80
3993.84
3993.88
3993.92
3993.96
3994.00
3994.04
3994.08
3994.11
3994.15
3994.19
3994.23
3994.26
3994.30
3994.34
3994.37
3994.41
3994.45
3994.48
3994.52
3994.55
3994.59
3994.62
3994.66
3994.69
3994.73
3994.76
3994.80
3994.83
3994.86
3994.90
3994.93
3994.96
3995.00
3995.03
3995.06
3995.09
3995.12
3995.15
3995.19
3995.22
3995.25
3995.28
3995.31
3995.34
3995.37
3995.40
3995.43
3995.46
3995.49
3995.52
3995.55
3995.58
3995.60
3995.63
3995.66
3995.69
3995.72
3995.74
3995.77
3995.80
3995.83
3995.85
3995.88
3995.91
3995.93
3995.96
3995.99
3996.01
3996.04
3996.06
3996.09
3996.11
3996.14
3996.16
3996.19
3996.21
3996.24
3996.26
3996.29
3996.31
3996.33
3996.36
3996.38
3996.41
3996.43
3996.45
3996.47
3996.50
3996.52
3996.54
3996.57
3996.59
3996.61
3996.63
3996.65
3996.67
3996.70
3996.72
3996.74
3996.76
3996.78
3996.80
3996.82
3996.84
3996.86
3996.88
3996.90
3996.92
3996.94
3996.96
3996.98
3997.00
3997.02
3997.04
3997.06
3997.08
3997.10
3997.12
3997.14
3997.15
3997.17
3997.19
3997.21
3997.23
3997.25
3997.26
3997.28
3997.30
3997.32
3997.33
3997.35
3997.37
3997.38
3997.40
3997.42
3997.43
3997.45
3997.47
3997.48
3997.50
3997.52
3997.53
3997.55
3997.56
3997.58
3997.60
3997.61
3997.63
3997.64
3997.66
3997.67
3997.69
3997.70
3997.72
3997.73
3997.75
3997.76
3997.78
3997.79
3997.80
3997.82
3997.83
3997.85
3997.86
3997.87
3997.89
3997.90
3997.92
3997.93
3997.94
3997.96
3997.97
3997.98
3998.00
3998.01
3998.02
3998.03
3998.05
3998.06
3998.07
3998.08
3998.10
3998.11
3998.12
3998.13
3998.15
3998.16
3998.17
3998.18
3998.19
3998.20
3998.22
3998.23
3998.24
3998.25
3998.26
3998.27
3998.28
3998.30
3998.31
3998.32
3998.33
3998.34
3998.35
3998.36
3998.37
3998.38
3998.39
3998.40
3998.41
3998.42
3998.43
3998.44
3998.45
3998.46
3998.47
3998.48
3998.49
3998.50
3998.51
3998.52
3998.53
3998.54
3998.55
3998.56
3998.57
3998.58
3998.59
3998.60
3998.61
3998.62
3998.62
3998.63
3998.64
3998.65
3998.66
3998.67
3998.68
3998.69
3998.69
3998.70
3998.71
3998.72
3998.73
3998.74
3998.74
3998.75
3998.76
3998.77
3998.78
3998.78
3998.79
3998.80
3998.81
3998.82
3998.82
3998.83
3998.84
3998.85
3998.85
3998.86
3998.87
3998.87
3998.88
3998.89
3998.90
3998.90
3998.91
3998.92
3998.92
3998.93
3998.94
3998.95
3998.95
3998.96
3998.97
3998.97
3998.98
3998.99
3998.99
3999.00
3999.01
3999.01
3999.02
3999.02
3999.03
3999.04
3999.04
3999.05
3999.06
3999.06
3999.07
3999.07
3999.08
3999.09
3999.09
3999.10
3999.10
3999.11
3999.12
3999.12
3999.13
3999.13
3999.14
3999.14
3999.15
3999.15
3999.16
3999.17
3999.17
3999.18
3999.18
3999.19
3999.19
3999.20
3999.20
3999.21
3999.21
3999.22
3999.22
3999.23
3999.23
3999.24
3999.24
3999.25
3999.25
3999.26
3999.26
3999.27
3999.27
3999.28
3999.28
3999.29
3999.29
3999.29
3999.30
3999.30
3999.31
3999.31
3999.32
3999.32
3999.33
3999.33
3999.33
3999.34
3999.34
3999.35
3999.35
3999.36
3999.36
3999.36
3999.37
3999.37
3999.38
3999.38
3999.38
3999.39
3999.39
3999.40
3999.40
3999.40
3999.41
3999.41
3999.42
3999.42
3999.42
3999.43
3999.43
3999.43
3999.44
3999.44
3999.45
3999.45
3999.45
3999.46
3999.46
3999.46
3999.47
3999.47
3999.47
3999.48
3999.48
3999.48
3999.49
3999.49
3999.49
3999.50
3999.50
3999.50
3999.51
3999.51
3999.51
3999.52
3999.52
3999.52
3999.53
3999.53
3999.53
3999.53
3999.54
3999.54
3999.54
3999.55
3999.55
3999.55
3999.56
3999.56
3999.56
3999.56
3999.57
3999.57
3999.57
3999.58
3999.58
3999.58
3999.58
3999.59
3999.59
3999.59
3999.59
3999.60
3999.60
3999.60
3999.60
3999.61
3999.61
3999.61
3999.61
3999.62
3999.62
3999.62
3999.62
3999.63
3999.63
3999.63
3999.63
3999.64
3999.64
3999.64
3999.64
3999.65
3999.65
3999.65
3999.65
3999.65
3999.66
3999.66
3999.66
3999.66
3999.67
3999.67
3999.67
3999.67
3999.67
3999.68
3999.68
3999.68
3999.68
3999.68
3999.69
3999.69
3999.69
3999.69
3999.69
3999.70
3999.70
3999.70
3999.70
3999.70
3999.71
3999.71
3999.71
3999.71
3999.71
3999.72
3999.72
3999.72
3999.72
3999.72
3999.72
3999.73
3999.73
3999.73
3999.73
3999.73
3999.74
3999.74
3999.74
3999.74
3999.74
3999.74
3999.75
3999.75
3999.75
3999.75
3999.75
3999.75
3999.76
3999.76
3999.76
3999.76
3999.76
3999.76
3999.76
3999.77
3999.77
3999.77
3999.77
3999.77
3999.77
3999.78
3999.78
3999.78
3999.78
3999.78
3999.78
3999.78
3999.78
3999.79
3999.79
3999.79
3999.79
3999.79
3999.79
3999.79
3999.80
3999.80
3999.80
3999.80
3999.80
3999.80
3999.80
3999.80
3999.81
3999.81
3999.81
3999.81
3999.81
3999.81
3999.81
3999.81
3999.82
3999.82
3999.82
3999.82
3999.82
3999.82
3999.82
3999.82
3999.83
3999.83
3999.83
3999.83
3999.83
3999.83
3999.83
3999.83
3999.83
3999.84
3999.84
3999.84
3999.84
3999.84
3999.84
3999.84
3999.84
3999.84
3999.84
3999.85
3999.85
3999.85
3999.85
3999.85
3999.85
3999.85
3999.85
3999.85
3999.85
3999.86
3999.86
3999.86
3999.86
3999.86
3999.86
3999.86
3999.86
3999.86
3999.86
3999.86
3999.87
3999.87
3999.87
3999.87
3999.87
3999.87
3999.87
3999.87
3999.87
3999.87
3999.87
3999.87
3999.88
3999.88
3999.88
3999.88
3999.88
3999.88
3999.88
3999.88
3999.88
3999.88
3999.88
3999.88
3999.88
3999.89
3999.89
3999.89
3999.89
3999.89
3999.89
3999.89
3999.89
3999.89
3999.89
3999.89
3999.89
3999.89
3999.89
3999.90
3999.90
3999.90
3999.90
3999.90
3999.90
3999.90
3999.90
3999.90
3999.90
3999.90
3999.90
3999.90
3999.90
3999.90
3999.91
3999.91
3999.91
3999.91
3999.91
3999.91
3999.91
3999.91
3999.91
3999.91
3999.91
3999.91
3999.91
3999.91
3999.91
3999.91
3999.91
3999.92
3999.92
3999.92
3999.92
3999.92
3999.92
3999.92
3999.92
3999.92
3999.92
3999.92
3999.92
3999.92
3999.92
3999.92
3999.92
3999.92
3999.92
3999.92
3999.92
3999.93
3999.93
3999.93
3999.93
3999.93
3999.93
3999.93
3999.93
3999.93
3999.93
3999.93
3999.93
3999.93
3999.93
3999.93
3999.93
3999.93
3999.93
3999.93
3999.93
3999.93
3999.93
3999.94
3999.94
3999.94
3999.94
3999.94
3999.94
3999.94
3999.94
3999.94
3999.94
3999.94
3999.94
3999.94
3999.94
3999.94
3999.94
3999.94
3999.94
3999.94
3999.94
3999.94
3999.94
3999.94
3999.94
3999.94
3999.94
3999.95
3999.95
3999.95
3999.95
3999.95
3999.95
3999.95
3999.95
3999.95
3999.95
3999.95
3999.95
3999.95
3999.95
3999.95
3999.95
3999.95
3999.95
3999.95
3999.95
3999.95
3999.95
3999.95
3999.95
3999.95
3999.95
3999.95
3999.95
3999.95
3999.95
3999.96
3999.96
3999.96
3999.96
3999.96
3999.96
3999.96
3999.96
3999.96
3999.96
3999.96
3999.96
3999.96
3999.96
3999.96
3999.96
3999.96
3999.96
3999.96
3999.96
3999.96
3999.96
3999.96
3999.96
3999.96
3999.96
3999.96
3999.96
3999.96
3999.96
3999.96
3999.96
3999.96
3999.96
3999.96
3999.96
3999.96
3999.96
3999.96
3999.97
3999.97
3999.97
3999.97
3999.97
3999.97
3999.97
3999.97
3999.97
3999.97
3999.97
3999.97
3999.97
3999.97
3999.97
3999.97
3999.97
3999.97
3999.97
3999.97
3999.97
3999.97
3999.97
3999.97
3999.97
3999.97
3999.97
3999.97
3999.97
3999.97
3999.97
3999.97
3999.97
3999.97
3999.97
3999.97
3999.97
3999.97
3999.97
3999.97
3999.97
3999.97
3999.97
3999.97
3999.97
3999.97
3999.97
3999.97
3999.97
3999.97
3999.97
3999.97
3999.98
3999.98
3999.98
3999.98
3999.98
3999.98
3999.98
3999.98
3999.98
3999.98
3999.98
3999.98
3999.98
3999.98
3999.98
3999.98
3999.98
3999.98
3999.98
3999.98
3999.98
3999.98
3999.98
3999.98
3999.98
3999.98
3999.98
3999.98
3999.98
3999.98
3999.98
3999.98
3999.98
3999.98
3999.98
3999.98
3999.98
3999.98
3999.98
3999.98
3999.98
3999.98
3999.98
3999.98
3999.98
3999.98
3999.98
3999.98
3999.98
3999.98
3999.98
3999.98
3999.98
3999.98
3999.98
3999.98
3999.98
3999.98
3999.98
3999.98
3999.98
3999.98
3999.98
3999.98
3999.98
3999.98
3999.98
3999.98
3999.98
3999.98
3999.98
3999.98
3999.98
3999.98
3999.98
3999.98
3999.98
3999.98
3999.98
3999.99
3999.99
3999.99
3999.99
3999.99
3999.99
3999.99
3999.99
3999.99
3999.99
3999.99
3999.99
3999.99
3999.99
3999.99
3999.99
3999.99
3999.99
3999.99
3999.99
3999.99
3999.99
3999.99
3999.99
3999.99
3999.99
3999.99
3999.99
3999.99
3999.99
3999.99
3999.99
3999.99
3999.99
3999.99
3999.99
3999.99
3999.99
3999.99
3999.99
3999.99
3999.99
3999.99
3999.99
3999.99
3999.99
3999.99
3999.99
3999.99
3999.99
3999.99
3999.99
3999.99
3999.99
3999.99
3999.99
3999.99
3999.99
3999.99
3999.99
3999.99
3999.99
3999.99
3999.99
3999.99
3999.99
3999.99
3999.99
3999.99
3999.99
3999.99
3999.99
3999.99
3999.99
3999.99
3999.99
3999.99
3999.99
3999.99
3999.99
3999.99
3999.99
3999.99
3999.99
3999.99
3999.99
3999.99
3999.99
3999.99
3999.99
3999.99
3999.99
3999.99
3999.99
3999.99
3999.99
3999.99
3999.99
3999.99
3999.99
3999.99
3999.99
3999.99
3999.99
3999.99
3999.99
3999.99
3999.99
3999.99
3999.99
3999.99
3999.99
3999.99
3999.99
3999.99
3999.99
3999.99
3999.99
3999.99
3999.99
3999.99
3999.99
3999.99
3999.99
3999.99
3999.99
3999.99
3999.99
3999.99
3999.99
3999.99
3999.99
3999.99
3999.99
3999.99
3999.99
3999.99
3999.99
3999.99
3999.99
3999.99
3999.99
3999.99
3999.99
3999.99
3999.99
3999.99
3999.99
3999.99
3999.99
3999.99
3999.99
3999.99
3999.99
3999.99
3999.99
3999.99
3999.99
3999.99
3999.99
3999.99
3999.99
3999.99
3999.99
3999.99
3999.99
3999.99
3999.99
3999.99
4000.00
4000.00
4000.00
4000.00
4000.00
4000.00
4000.00
4000.00
4000.00
4000.00
4000.00
4000.00
4000.00
4000.00
4000.00
4000.00
4000.00
4000.00
4000.00
4000.00
4000.00
4000.00
4000.00
4000.00
4000.00
4000.00
4000.00
4000.00
4000.00
4000.00
4000.00
4000.00
4000.00
4000.00
4000.00
4000.00
4000.00
4000.00
4000.00
4000.00
4000.00
4000.00
4000.00
4000.00
4000.00
4000.00
4000.00
4000.00
4000.00
4000.00
4000.00
4000.00
4000.00
4000.00
4000.00
4000.00
4000.00
4000.00
4000.00
4000.00
4000.00
4000.00
4000.00
4000.00
4000.00
4000.00
4000.00
4000.00
4000.00
4000.00
4000.00
4000.00
4000.00
4000.00
4000.00
4000.00
4000.00
4000.00
4000.00
4000.00
4000.00
4000.00
4000.00
4000.00
4000.00
4000.00
4000.00
4000.00
4000.00
4000.00
4000.00
4000.00
4000.00
4000.00
4000.00
4000.00
4000.00
4000.00
4000.00
4000.00
4000.00
4000.00
4000.00
4000.00
4000.00
4000.00
4000.00
4000.00
4000.00
4000.00
4000.00
4000.00
4000.00
4000.00
4000.00
4000.00
4000.00
4000.00
4000.00
4000.00
4000.00
4000.00
4000.00
4000.00
4000.00
4000.00
4000.00
4000.00
4000.00
4000.00
4000.00
4000.00
4000.00
4000.00
4000.00
4000.00
4000.00
4000.00
4000.00
4000.00
4000.00
4000.00
4000.00
4000.00
4000.00
4000.00
4000.00
4000.00
4000.00
4000.00
4000.00
4000.00
4000.00
4000.00
4000.00
4000.00
4000.00
4000.00
4000.00
4000.00
4000.00
4000.00
4000.00
4000.00
4000.00
4000.00
4000.00
4000.00
4000.00
4000.00
4000.00
4000.00
4000.00
4000.00
4000.00
4000.00
4000.00
4000.00
4000.00
4000.00
4000.00
4000.00
4000.00
4000.00
4000.00
4000.00
4000.00
4000.00
4000.00
4000.00
4000.00
4000.00
4000.00
4000.00
4000.00
4000.00
4000.00
4000.00
4000.00
4000.00
4000.00
4000.00
4000.00
4000.00
4000.00
4000.00
4000.00
4000.00
4000.00
4000.00
4000.00
4000.00
4000.00
4000.00
4000.00
4000.00
4000.00
4000.00
4000.00
4000.00
4000.00
4000.00
4000.00
4000.00
4000.00
4000.00
4000.00
4000.00
4000.00
4000.00
4000.00
4000.00
4000.00
4000.00
4000.00
4000.00
4000.00
4000.00
4000.00
4000.00
4000.00
4000.00
4000.00
4000.00
4000.00
4000.00
4000.00
4000.00
4000.00
4000.00
4000.00
4000.00
4000.00
4000.00
4000.00
4000.00
4000.00
4000.00
4000.00
4000.00
4000.00
4000.00
4000.00
4000.00
4000.00
4000.00
4000.00
4000.00
4000.00
4000.00
4000.00
4000.00
4000.00
4000.00
4000.00
4000.00
4000.00
4000.00
4000.00
4000.00
4000.00
4000.00
4000.00
4000.00
4000.00
4000.00
4000.00
4000.00
4000.00
4000.00
4000.00
4000.00
4000.00
4000.00
4000.00
4000.00
4000.00
4000.00
4000.00
4000.00
4000.00
4000.00
4000.00
4000.00
4000.00
4000.00
4000.00
4000.00
4000.00
4000.00
4000.00
4000.00
4000.00
4000.00
4000.00
4000.00
4000.00
4000.00
4000.00
4000.00
4000.00
4000.00
4000.00
4000.00
4000.00
4000.00
4000.00
4000.00
4000.00
4000.00
4000.00
4000.00
4000.00
4000.00
4000.00
4000.00
4000.00
4000.00
4000.00
4000.00
4000.00
4000.00
4000.00
4000.00
4000.00
4000.00
4000.00
4000.00
4000.00
4000.00
4000.00
4000.00
4000.00
4000.00
4000.00
4000.00
4000.00
4000.00
4000.00
4000.00
4000.00
4000.00
4000.00
4000.00
4000.00
4000.00
4000.00
4000.00
4000.00
4000.00
4000.00
4000.00
4000.00
4000.00
4000.00
4000.00
4000.00
4000.00
4000.00
4000.00
4000.00
4000.00
4000.00
4000.00
4000.00
4000.00
4000.00
4000.00
4000.00
4000.00
4000.00
4000.00
4000.00
4000.00
4000.00
4000.00
4000.00
4000.00
4000.00
4000.00
4000.00
4000.00
4000.00
4000.00
4000.00
4000.00
4000.00
4000.00
4000.00
4000.00
4000.00
4000.00
4000.00
4000.00
4000.00
4000.00
4000.00
4000.00
4000.00
4000.00
4000.00
4000.00
4000.00
4000.00
4000.00
4000.00
4000.00
4000.00
4000.00
4000.00
4000.00
4000.00
4000.00
4000.00
4000.00
4000.00
4000.00
4000.00
4000.00
4000.00
4000.00
4000.00
4000.00
4000.00
4000.00
4000.00
4000.00
4000.00
4000.00
4000.00
4000.00
4000.00
4000.00
4000.00
4000.00
4000.00
4000.00
4000.00
4000.00
4000.00
4000.00
4000.00
4000.00
4000.00
4000.00
4000.00
4000.00
4000.00
4000.00
4000.00
4000.00
4000.00
4000.00
4000.00
4000.00
4000.00
4000.00
4000.00
4000.00
4000.00
4000.00
4000.00
4000.00
4000.00
4000.00
4000.00
4000.00
4000.00
4000.00
4000.00
4000.00
4000.00
4000.00
4000.00
4000.00
4000.00
4000.00
4000.00
4000.00
4000.00
4000.00
4000.00
4000.00
4000.00
4000.00
4000.00
4000.00
4000.00
4000.00
4000.00
4000.00
4000.00
4000.00
4000.00
4000.00
4000.00
4000.00
4000.00
4000.00
4000.00
4000.00
4000.00
4000.00
4000.00
4000.00
4000.00
4000.00
4000.00
4000.00
4000.00
4000.00
4000.00
4000.00
4000.00
4000.00
4000.00
4000.00
4000.00
4000.00
4000.00
4000.00
4000.00
4000.00
4000.00
4000.00
4000.00
4000.00
4000.00
4000.00
4000.00
4000.00
4000.00
4000.00
4000.00
4000.00
4000.00
4000.00
4000.00
4000.00
4000.00
4000.00
4000.00
4000.00
4000.00
4000.00
4000.00
4000.00
4000.00
4000.00
4000.00
4000.00
4000.00
4000.00
4000.00
4000.00
4000.00
4000.00
4000.00
4000.00
4000.00
4000.00
4000.00
4000.00
4000.00
4000.00
4000.00
4000.00
4000.00
4000.00
4000.00
4000.00
4000.00
4000.00
4000.00
4000.00
4000.00
4000.00
4000.00
4000.00
4000.00
4000.00
4000.00
4000.00
4000.00
4000.00
4000.00
4000.00
4000.00
4000.00
4000.00
4000.00
4000.00
4000.00
4000.00
4000.00
4000.00
4000.00
4000.00
4000.00
4000.00
4000.00
4000.00
4000.00
4000.00
4000.00
4000.00
4000.00
4000.00
4000.00
4000.00
4000.00
4000.00
4000.00
4000.00
4000.00
4000.00
4000.00
4000.00
4000.00
4000.00
4000.00
4000.00
4000.00
4000.00
4000.00
4000.00
4000.00
4000.00
4000.00
4000.00
4000.00
4000.00
4000.00
4000.00
4000.00
4000.00
4000.00
4000.00
4000.00
4000.00
4000.00
4000.00
4000.00
4000.00
4000.00
4000.00
4000.00
4000.00
4000.00
4000.00
4000.00
4000.00
4000.00
4000.00
4000.00
4000.00
4000.00
4000.00
4000.00
4000.00
4000.00
4000.00
4000.00
4000.00
4000.00
4000.00
4000.00
4000.00
4000.00
4000.00
4000.00
4000.00
4000.00
4000.00
4000.00
4000.00
4000.00
4000.00
4000.00
4000.00
4000.00
4000.00
4000.00
4000.00
4000.00
4000.00
4000.00
4000.00
4000.00
4000.00
4000.00
4000.00
4000.00
4000.00
4000.00
4000.00
4000.00
4000.00
4000.00
4000.00
4000.00
4000.00
4000.00
4000.00
4000.00
4000.00
4000.00
4000.00
4000.00
4000.00
4000.00
4000.00
4000.00
4000.00
4000.00
4000.00
4000.00
4000.00
4000.00
4000.00
4000.00
4000.00
4000.00
4000.00
4000.00
4000.00
4000.00
4000.00
4000.00
4000.00
4000.00
4000.00
4000.00
4000.00
4000.00
4000.00
4000.00
4000.00
4000.00
4000.00
4000.00
4000.00
4000.00
4000.00
4000.00
4000.00
4000.00
4000.00
4000.00
4000.00
4000.00
4000.00
4000.00
4000.00
4000.00
4000.00
4000.00
4000.00
4000.00
4000.00
4000.00
4000.00
4000.00
4000.00
4000.00
4000.00
4000.00
4000.00
4000.00
4000.00
4000.00
4000.00
4000.00
4000.00
4000.00
4000.00
4000.00
4000.00
4000.00
4000.00
4000.00
4000.00
4000.00
4000.00
4000.00
4000.00
4000.00
4000.00
4000.00
4000.00
4000.00
4000.00
4000.00
4000.00
4000.00
4000.00
4000.00
4000.00
4000.00
4000.00
4000.00
4000.00
4000.00
4000.00
4000.00
4000.00
4000.00
4000.00
4000.00
4000.00
4000.00
4000.00
4000.00
4000.00
4000.00
4000.00
4000.00
4000.00
4000.00
4000.00
4000.00
4000.00
4000.00
4000.00
4000.00
4000.00
4000.00
4000.00
4000.00
4000.00
4000.00
4000.00
4000.00
4000.00
4000.00
4000.00
4000.00
4000.00
4000.00
4000.00
4000.00
4000.00
4000.00
4000.00
4000.00
4000.00
4000.00
4000.00
4000.00
4000.00
4000.00
4000.00
4000.00
4000.00
4000.00
4000.00
4000.00
4000.00
4000.00
4000.00
4000.00
4000.00
4000.00
4000.00
4000.00
4000.00
4000.00
4000.00
4000.00
4000.00
4000.00
4000.00
4000.00
4000.00
4000.00
4000.00
4000.00
4000.00
4000.00
4000.00
4000.00
4000.00
4000.00
4000.00
4000.00
4000.00
4000.00
4000.00
4000.00
4000.00
4000.00
4000.00
4000.00
4000.00
4000.00
4000.00
4000.00
4000.00
4000.00
4000.00
4000.00
4000.00
4000.00
4000.00
4000.00
4000.00
4000.00
4000.00
4000.00
4000.00
4000.00
4000.00
4000.00
4000.00
4000.00
4000.00
4000.00
4000.00
4000.00
4000.00
4000.00
4000.00
4000.00
4000.00
4000.00
4000.00
4000.00
4000.00
4000.00
4000.00
4000.00
4000.00
4000.00
4000.00
4000.00
4000.00
4000.00
4000.00
4000.00
4000.00
4000.00
4000.00
4000.00
4000.00
4000.00
4000.00
4000.00
4000.00
4000.00
4000.00
4000.00
4000.00
4000.00
4000.00
4000.00
4000.00
4000.00
4000.00
4000.00
4000.00
4000.00
4000.00
4000.00
4000.00
4000.00
4000.00
4000.00
4000.00
4000.00
4000.00
4000.00
4000.00
4000.00
4000.00
4000.00
4000.00
4000.00
4000.00
4000.00
4000.00
4000.00
4000.00
4000.00
4000.00
4000.00
4000.00
4000.00
4000.00
4000.00
4000.00
4000.00
4000.00
4000.00
4000.00
4000.00
4000.00
4000.00
4000.00
4000.00
4000.00
4000.00
4000.00
4000.00
4000.00
4000.00
4000.00
4000.00
4000.00
4000.00
4000.00
4000.00
4000.00
4000.00
4000.00
4000.00
4000.00
4000.00
4000.00
4000.00
4000.00
4000.00
4000.00
4000.00
4000.00
4000.00
4000.00
4000.00
4000.00
4000.00
4000.00
4000.00
4000.00
4000.00
4000.00
4000.00
4000.00
4000.00
4000.00
4000.00
4000.00
4000.00
4000.00
4000.00
4000.00
4000.00
4000.00
4000.00
4000.00
4000.00
4000.00
4000.00
4000.00
4000.00
4000.00
4000.00
4000.00
4000.00
4000.00
4000.00
4000.00
4000.00
4000.00
4000.00
4000.00
4000.00
4000.00
4000.00
4000.00
4000.00
4000.00
4000.00
4000.00
4000.00
4000.00
4000.00
4000.00
4000.00
4000.00
4000.00
4000.00
4000.00
4000.00
4000.00
4000.00
4000.00
4000.00
4000.00
4000.00
4000.00
4000.00
4000.00
4000.00
4000.00
4000.00
4000.00
4000.00
4000.00
4000.00
4000.00
4000.00
4000.00
4000.00
4000.00
4000.00
4000.00
4000.00
4000.00
4000.00
4000.00
4000.00
4000.00
4000.00
4000.00
4000.00
4000.00
4000.00
4000.00
4000.00
4000.00
4000.00
4000.00
4000.00
4000.00
4000.00
4000.00
4000.00
4000.00
4000.00
4000.00
4000.00
4000.00
4000.00
4000.00
4000.00
4000.00
4000.00
4000.00
4000.00
4000.00
4000.00
4000.00
4000.00
4000.00
4000.00
4000.00
4000.00
4000.00
4000.00
4000.00
4000.00
4000.00
4000.00
4000.00
4000.00
4000.00
4000.00
4000.00
4000.00
4000.00
4000.00
4000.00
4000.00
4000.00
4000.00
4000.00
4000.00
4000.00
4000.00
4000.00
4000.00
4000.00
4000.00
4000.00
4000.00
4000.00
4000.00
4000.00
4000.00
4000.00
4000.00
4000.00
4000.00
4000.00
4000.00
4000.00
4000.00
4000.00
4000.00
4000.00
4000.00
4000.00
4000.00
4000.00
4000.00
4000.00
4000.00
4000.00
4000.00
4000.00
4000.00
4000.00
4000.00
4000.00
4000.00
4000.00
4000.00
4000.00
4000.00
4000.00
4000.00
4000.00
4000.00
4000.00
4000.00
4000.00
4000.00
4000.00
4000.00
4000.00
4000.00
4000.00
4000.00
4000.00
4000.00
4000.00
4000.00
4000.00
4000.00
4000.00
4000.00
4000.00
4000.00
4000.00
4000.00
4000.00
4000.00
4000.00
4000.00
4000.00
4000.00
4000.00
4000.00
4000.00
4000.00
4000.00
4000.00
4000.00
4000.00
4000.00
4000.00
4000.00
4000.00
4000.00
4000.00
4000.00
4000.00
4000.00
4000.00
4000.00
4000.00
4000.00
4000.00
4000.00
4000.00
4000.00
4000.00
4000.00
4000.00
4000.00
4000.00
4000.00
4000.00
4000.00
4000.00
4000.00
4000.00
4000.00
4000.00
4000.00
4000.00
4000.00
4000.00
4000.00
4000.00
4000.00
4000.00
4000.00
4000.00
4000.00
4000.00
4000.00
4000.00
4000.00
4000.00
4000.00
4000.00
4000.00
4000.00
4000.00
4000.00
4000.00
4000.00
4000.00
4000.00
4000.00
4000.00
4000.00
4000.00
4000.00
4000.00
4000.00
4000.00
4000.00
4000.00
4000.00
4000.00
4000.00
4000.00
4000.00
4000.00
4000.00
4000.00
4000.00
4000.00
4000.00
4000.00
4000.00
4000.00
4000.00
4000.00
4000.00
4000.00
4000.00
4000.00
4000.00
4000.00
4000.00
4000.00
4000.00
4000.00
4000.00
4000.00
4000.00
4000.00
4000.00
4000.00
4000.00
4000.00
4000.00
4000.00
4000.00
4000.00
4000.00
4000.00
4000.00
4000.00
4000.00
4000.00
4000.00
4000.00
4000.00
4000.00
4000.00
4000.00
4000.00
4000.00
4000.00
4000.00
4000.00
4000.00
4000.00
4000.00
4000.00
4000.00
4000.00
4000.00
4000.00
4000.00
4000.00
4000.00
4000.00
4000.00
4000.00
4000.00
4000.00
4000.00
4000.00
4000.00
4000.00
4000.00
4000.00
4000.00
4000.00
4000.00
4000.00
4000.00
4000.00
4000.00
4000.00
4000.00
4000.00
4000.00
4000.00
4000.00
4000.00
4000.00
4000.00
4000.00
4000.00
4000.00
4000.00
4000.00
4000.00
4000.00
4000.00
4000.00
4000.00
4000.00
4000.00
4000.00
4000.00
4000.00
4000.00
4000.00
4000.00
4000.00
4000.00
4000.00
4000.00
4000.00
4000.00
4000.00
4000.00
4000.00
4000.00
4000.00
4000.00
4000.00
4000.00
4000.00
4000.00
4000.00
4000.00
4000.00
4000.00
4000.00
4000.00
4000.00
4000.00
4000.00
4000.00
4000.00
4000.00
4000.00
4000.00
4000.00
4000.00
4000.00
4000.00
4000.00
4000.00
4000.00
4000.00
4000.00
4000.00
4000.00
4000.00
4000.00
4000.00
4000.00
4000.00
4000.00
4000.00
4000.00
4000.00
4000.00
4000.00
4000.00
4000.00
4000.00
4000.00
4000.00
4000.00
4000.00
4000.00
4000.00
4000.00
4000.00
4000.00
4000.00
4000.00
4000.00
4000.00
4000.00
4000.00
4000.00
4000.00
4000.00
4000.00
4000.00
4000.00
4000.00
4000.00
4000.00
4000.00
4000.00
4000.00
4000.00
4000.00
4000.00
4000.00
4000.00
4000.00
4000.00
4000.00
4000.00
4000.00
4000.00
4000.00
4000.00
4000.00
4000.00
4000.00
4000.00
4000.00
4000.00
4000.00
4000.00
4000.00
4000.00
4000.00
4000.00
4000.00
4000.00
4000.00
4000.00
4000.00
4000.00
4000.00
4000.00
4000.00
4000.00
4000.00
4000.00
4000.00
4000.00
4000.00
4000.00
4000.00
4000.00
4000.00
4000.00
4000.00
4000.00
4000.00
4000.00
4000.00
4000.00
4000.00
4000.00
4000.00
4000.00
4000.00
4000.00
4000.00
4000.00
4000.00
4000.00
4000.00
4000.00
4000.00
4000.00
4000.00
4000.00
4000.00
4000.00
4000.00
4000.00
4000.00
4000.00
4000.00
4000.00
4000.00
4000.00
4000.00
4000.00
4000.00
4000.00
4000.00
4000.00
4000.00
4000.00
4000.00
4000.00
4000.00
4000.00
4000.00
4000.00
4000.00
4000.00
4000.00
4000.00
4000.00
4000.00
4000.00
4000.00
4000.00
4000.00
4000.00
4000.00
4000.00
4000.00
4000.00
4000.00
4000.00
4000.00
4000.00
4000.00
4000.00
4000.00
4000.00
4000.00
4000.00
4000.00
4000.00
4000.00
4000.00
4000.00
4000.00
4000.00
4000.00
4000.00
4000.00
4000.00
4000.00
4000.00
4000.00
4000.00
4000.00
4000.00
4000.00
4000.00
4000.00
4000.00
4000.00
4000.00
4000.00
4000.00
4000.00
4000.00
4000.00
4000.00
4000.00
4000.00
4000.00
4000.00
4000.00
4000.00
4000.00
4000.00
4000.00
4000.00
4000.00
4000.00
4000.00
4000.00
4000.00
4000.00
4000.00
4000.00
4000.00
4000.00
4000.00
4000.00
4000.00
4000.00
4000.00
4000.00
4000.00
4000.00
4000.00
4000.00
4000.00
4000.00
4000.00
4000.00
4000.00
4000.00
4000.00
4000.00
4000.00
4000.00
4000.00
4000.00
4000.00
4000.00
4000.00
4000.00
4000.00
4000.00
4000.00
4000.00
4000.00
4000.00
4000.00
4000.00
4000.00
4000.00
4000.00
4000.00
4000.00
4000.00
4000.00
4000.00
4000.00
4000.00
4000.00
4000.00
4000.00
4000.00
4000.00
4000.00
4000.00
4000.00
4000.00
4000.00
4000.00
4000.00
4000.00
4000.00
4000.00
4000.00
4000.00
4000.00
4000.00
4000.00
4000.00
4000.00
4000.00
4000.00
4000.00
4000.00
4000.00
4000.00
4000.00
4000.00
4000.00
4000.00
4000.00
4000.00
4000.00
4000.00
4000.00
4000.00
4000.00
4000.00
4000.00
4000.00
4000.00
4000.00
4000.00
4000.00
4000.00
4000.00
4000.00
4000.00
4000.00
4000.00
4000.00
4000.00
4000.00
4000.00
4000.00
4000.00
4000.00
4000.00
4000.00
4000.00
4000.00
4000.00
4000.00
4000.00
4000.00
4000.00
4000.00
4000.00
4000.00
4000.00
4000.00
4000.00
4000.00
4000.00
4000.00
4000.00
4000.00
4000.00
4000.00
4000.00
4000.00
4000.00
4000.00
4000.00
4000.00
4000.00
4000.00
4000.00
4000.00
4000.00
4000.00
4000.00
4000.00
4000.00
4000.00
4000.00
4000.00
4000.00
4000.00
4000.00
4000.00
4000.00
4000.00
4000.00
4000.00
4000.00
4000.00
4000.00
4000.00
4000.00
4000.00
4000.00
4000.00
4000.00
4000.00
4000.00
4000.00
4000.00
4000.00
4000.00
4000.00
4000.00
4000.00
4000.00
4000.00
4000.00
4000.00
4000.00
4000.00
4000.00
4000.00
4000.00
4000.00
4000.00
4000.00
4000.00
4000.00
4000.00
4000.00
4000.00
4000.00
4000.00
4000.00
4000.00
4000.00
4000.00
4000.00
4000.00
4000.00
4000.00
4000.00
4000.00
4000.00
4000.00
4000.00
4000.00
4000.00
4000.00
4000.00
4000.00
4000.00
4000.00
4000.00
4000.00
4000.00
4000.00
4000.00
4000.00
4000.00
4000.00
4000.00
4000.00
4000.00
4000.00
4000.00
4000.00
4000.00
4000.00
4000.00
4000.00
4000.00
4000.00
4000.00
4000.00
4000.00
4000.00
4000.00
4000.00
4000.00
4000.00
4000.00
4000.00
4000.00
