18.52
23.55
28.54
33.48
38.39
43.26
48.09
52.88
57.63
62.34
67.01
71.65
76.25
80.81
85.34
89.83
94.28
98.69
103.07
107.42
111.73
116.00
120.24
124.45
128.62
132.76
136.87
140.94
144.98
148.98
152.95
156.90
160.81
164.68
168.53
172.34
176.13
179.88
183.61
187.30
190.96
194.60
198.20
201.78
205.32
208.84
212.33
215.79
219.22
222.63
226.01
229.36
232.68
235.97
239.24
242.49
245.70
248.89
252.06
255.20
258.31
261.40
264.47
267.50
270.52
273.51
276.47
279.42
282.33
285.23
288.10
290.95
293.77
296.57
299.35
302.11
304.84
307.56
310.25
312.91
315.56
318.19
320.79
323.37
325.94
328.48
331.00
333.50
335.98
338.44
340.88
343.30
345.70
348.08
350.44
352.79
355.11
357.42
359.70
361.97
364.22
366.45
368.67
370.86
373.04
375.20
377.34
379.47
381.58
383.67
385.74
387.80
389.84
391.87
393.87
395.87
397.84
399.80
401.74
403.67
405.59
407.48
409.36
411.23
413.08
414.92
416.74
418.55
420.34
422.12
423.88
425.63
427.36
429.08
430.79
432.48
434.16
435.83
437.48
439.12
440.74
442.36
443.96
445.54
447.12
448.68
450.23
451.76
453.28
454.80
456.29
457.78
459.26
460.72
462.17
463.61
465.04
466.45
467.86
469.25
470.63
472.00
473.36
474.71
476.05
477.37
478.69
479.99
481.29
482.57
483.85
485.11
486.36
487.61
488.84
490.06
491.28
492.48
493.67
494.86
496.03
497.20
498.35
499.50
500.64
501.77
502.88
503.99
505.09
506.19
507.27
508.34
509.41
510.46
511.51
512.55
513.58
514.61
515.62
516.63
517.63
518.62
519.60
520.57
521.54
522.50
523.45
524.39
525.33
526.26
527.18
528.09
528.99
529.89
530.78
531.67
532.54
533.41
534.28
535.13
535.98
536.82
537.66
538.49
539.31
540.12
540.93
541.73
542.53
543.32
544.10
544.87
545.64
546.41
547.17
547.92
548.66
549.40
550.13
550.86
551.58
552.30
553.01
553.71
554.41
555.10
555.79
556.47
557.15
557.82
558.48
559.14
559.80
560.45
561.09
561.73
562.36
562.99
563.61
564.23
564.84
565.45
566.06
566.65
567.25
567.84
568.42
569.00
569.57
570.14
570.71
571.27
571.83
572.38
572.92
573.47
574.01
574.54
575.07
575.60
576.12
576.63
577.15
577.65
578.16
578.66
579.16
579.65
580.14
580.62
581.10
581.58
582.05
582.52
582.99
583.45
583.90
584.36
584.81
585.26
585.70
586.14
586.57
587.01
587.43
587.86
588.28
588.70
589.12
589.53
589.94
590.34
590.74
591.14
591.54
591.93
592.32
592.70
593.09
593.47
593.84
594.22
594.59
594.95
595.32
595.68
596.04
596.39
596.75
597.10
597.44
597.79
598.13
598.47
598.81
599.14
599.47
599.80
600.12
600.45
600.77
601.08
601.40
601.71
602.02
602.33
602.63
602.93
603.23
603.53
603.83
604.12
604.41
604.70
604.98
605.27
605.55
605.83
606.10
606.38
606.65
606.92
607.19
607.45
607.72
607.98
608.24
608.49
608.75
609.00
609.25
609.50
609.75
609.99
610.24
610.48
610.72
610.95
611.19
611.42
611.65
611.88
612.11
612.33
612.56
612.78
613.00
613.22
613.44
613.65
613.86
614.08
614.29
614.49
614.70
614.91
615.11
615.31
615.51
615.71
615.90
616.10
616.29
616.48
616.67
616.86
617.05
617.24
617.42
617.60
617.78
617.96
618.14
618.32
618.49
618.67
618.84
619.01
619.18
619.35
619.52
619.68
619.85
620.01
620.17
620.33
620.49
620.65
620.81
620.96
621.12
621.27
621.42
621.57
621.72
621.87
622.02
622.16
622.30
622.45
622.59
622.73
622.87
623.01
623.15
623.28
623.42
623.55
623.69
623.82
623.95
624.08
624.21
624.34
624.46
624.59
624.71
624.84
624.96
625.08
625.20
625.32
625.44
625.56
625.67
625.79
625.91
626.02
626.13
626.24
626.36
626.47
626.58
626.68
626.79
626.90
627.01
627.11
627.21
627.32
627.42
627.52
627.62
627.72
627.82
627.92
628.02
628.12
628.21
628.31
628.40
628.50
628.59
628.68
628.77
628.86
628.95
629.04
629.13
629.22
629.31
629.39
629.48
629.57
629.65
629.73
629.82
629.90
629.98
630.06
630.14
630.22
630.30
630.38
630.46
630.53
630.61
630.69
630.76
630.84
630.91
630.98
631.06
631.13
631.20
631.27
631.34
631.41
631.48
631.55
631.62
631.69
631.76
631.82
631.89
631.95
632.02
632.08
632.15
632.21
632.27
632.34
632.40
632.46
632.52
632.58
632.64
632.70
632.76
632.82
632.88
632.94
632.99
633.05
633.11
633.16
633.22
633.27
633.33
633.38
633.43
633.49
633.54
633.59
633.64
633.69
633.75
633.80
633.85
633.90
633.95
633.99
634.04
634.09
634.14
634.19
634.23
634.28
634.33
634.37
634.42
634.46
634.51
634.55
634.60
634.64
634.68
634.73
634.77
634.81
634.85
634.90
634.94
634.98
635.02
635.06
635.10
635.14
635.18
635.22
635.26
635.29
635.33
635.37
635.41
635.44
635.48
635.52
635.55
635.59
635.63
635.66
635.70
635.73
635.77
635.80
635.83
635.87
635.90
635.93
635.97
636.00
636.03
636.06
636.10
636.13
636.16
636.19
636.22
636.25
636.28
636.31
636.34
636.37
636.40
636.43
636.46
636.49
636.52
636.54
636.57
636.60
636.63
636.65
636.68
636.71
636.74
636.76
636.79
636.81
636.84
636.87
636.89
636.92
636.94
636.97
636.99
637.01
637.04
637.06
637.09
637.11
637.13
637.16
637.18
637.20
637.22
637.25
637.27
637.29
637.31
637.34
637.36
637.38
637.40
637.42
637.44
637.46
637.48
637.50
637.52
637.54
637.56
637.58
637.60
637.62
637.64
637.66
637.68
637.70
637.72
637.73
637.75
637.77
637.79
637.81
637.83
637.84
637.86
637.88
637.89
637.91
637.93
637.95
637.96
637.98
637.99
638.01
638.03
638.04
638.06
638.07
638.09
638.11
638.12
638.14
638.15
638.17
638.18
638.20
638.21
638.22
638.24
638.25
638.27
638.28
638.30
638.31
638.32
638.34
638.35
638.36
638.38
638.39
638.40
638.42
638.43
638.44
638.45
638.47
638.48
638.49
638.50
638.52
638.53
638.54
638.55
638.56
638.57
638.59
638.60
638.61
638.62
638.63
638.64
638.65
638.66
638.68
638.69
638.70
638.71
638.72
638.73
638.74
638.75
638.76
638.77
638.78
638.79
638.80
638.81
638.82
638.83
638.84
638.85
638.86
638.86
638.87
638.88
638.89
638.90
638.91
638.92
638.93
638.94
638.94
638.95
638.96
638.97
638.98
638.99
638.99
639.00
639.01
639.02
639.03
639.03
639.04
639.05
639.06
639.07
639.07
639.08
639.09
639.10
639.10
639.11
639.12
639.12
639.13
639.14
639.15
639.15
639.16
639.17
639.17
639.18
639.19
639.19
639.20
639.21
639.21
639.22
639.23
639.23
639.24
639.24
639.25
639.26
639.26
639.27
639.27
639.28
639.29
639.29
639.30
639.30
639.31
639.31
639.32
639.32
639.33
639.34
639.34
639.35
639.35
639.36
639.36
639.37
639.37
639.38
639.38
639.39
639.39
639.40
639.40
639.41
639.41
639.42
639.42
639.43
639.43
639.44
639.44
639.44
639.45
639.45
639.46
639.46
639.47
639.47
639.48
639.48
639.48
639.49
639.49
639.50
639.50
639.50
639.51
639.51
639.52
639.52
639.52
639.53
639.53
639.54
639.54
639.54
639.55
639.55
639.55
639.56
639.56
639.56
639.57
639.57
639.58
639.58
639.58
639.59
639.59
639.59
639.60
639.60
639.60
639.61
639.61
639.61
639.61
639.62
639.62
639.62
639.63
639.63
639.63
639.64
639.64
639.64
639.64
639.65
639.65
639.65
639.66
639.66
639.66
639.66
639.67
639.67
639.67
639.68
639.68
639.68
639.68
639.69
639.69
639.69
639.69
639.70
639.70
639.70
639.70
639.71
639.71
639.71
639.71
639.71
639.72
639.72
639.72
639.72
639.73
639.73
639.73
639.73
639.73
639.74
639.74
639.74
639.74
639.75
639.75
639.75
639.75
639.75
639.76
639.76
639.76
639.76
639.76
639.77
639.77
639.77
639.77
639.77
639.77
639.78
639.78
639.78
639.78
639.78
639.79
639.79
639.79
639.79
639.79
639.79
639.80
639.80
639.80
639.80
639.80
639.80
639.81
639.81
639.81
639.81
639.81
639.81
639.81
639.82
639.82
639.82
639.82
639.82
639.82
639.82
639.83
639.83
639.83
639.83
639.83
639.83
639.83
639.84
639.84
639.84
639.84
639.84
639.84
639.84
639.84
639.85
639.85
639.85
639.85
639.85
639.85
639.85
639.85
639.86
639.86
639.86
639.86
639.86
639.86
639.86
639.86
639.86
639.87
639.87
639.87
639.87
639.87
639.87
639.87
639.87
639.87
639.88
639.88
639.88
639.88
639.88
639.88
639.88
639.88
639.88
639.88
639.89
639.89
639.89
639.89
639.89
639.89
639.89
639.89
639.89
639.89
639.89
639.89
639.90
639.90
639.90
639.90
639.90
639.90
639.90
639.90
639.90
639.90
639.90
639.90
639.91
639.91
639.91
639.91
639.91
639.91
639.91
639.91
639.91
639.91
639.91
639.91
639.91
639.91
639.92
639.92
639.92
639.92
639.92
639.92
639.92
639.92
639.92
639.92
639.92
639.92
639.92
639.92
639.92
639.93
639.93
639.93
639.93
639.93
639.93
639.93
639.93
639.93
639.93
639.93
639.93
639.93
639.93
639.93
639.93
639.93
639.93
639.94
639.94
639.94
639.94
639.94
639.94
639.94
639.94
639.94
639.94
639.94
639.94
639.94
639.94
639.94
639.94
639.94
639.94
639.94
639.94
639.95
639.95
639.95
639.95
639.95
639.95
639.95
639.95
639.95
639.95
639.95
639.95
639.95
639.95
639.95
639.95
639.95
639.95
639.95
639.95
639.95
639.95
639.95
639.95
639.95
639.96
639.96
639.96
639.96
639.96
639.96
639.96
639.96
639.96
639.96
639.96
639.96
639.96
639.96
639.96
639.96
639.96
639.96
639.96
639.96
639.96
639.96
639.96
639.96
639.96
639.96
639.96
639.96
639.96
639.96
639.96
639.97
639.97
639.97
639.97
639.97
639.97
639.97
639.97
639.97
639.97
639.97
639.97
639.97
639.97
639.97
639.97
639.97
639.97
639.97
639.97
639.97
639.97
639.97
639.97
639.97
639.97
639.97
639.97
639.97
639.97
639.97
639.97
639.97
639.97
639.97
639.97
639.97
639.97
639.97
639.97
639.97
639.98
639.98
639.98
639.98
639.98
639.98
639.98
639.98
639.98
639.98
639.98
639.98
639.98
639.98
639.98
639.98
639.98
639.98
639.98
639.98
639.98
639.98
639.98
639.98
639.98
639.98
639.98
639.98
639.98
639.98
639.98
639.98
639.98
639.98
639.98
639.98
639.98
639.98
639.98
639.98
639.98
639.98
639.98
639.98
639.98
639.98
639.98
639.98
639.98
639.98
639.98
639.98
639.98
639.98
639.98
639.98
639.98
639.98
639.98
639.98
639.98
639.98
639.98
639.99
639.99
639.99
639.99
639.99
639.99
639.99
639.99
639.99
639.99
639.99
639.99
639.99
639.99
639.99
639.99
639.99
639.99
639.99
639.99
639.99
639.99
639.99
639.99
639.99
639.99
639.99
639.99
639.99
639.99
639.99
639.99
639.99
639.99
639.99
639.99
639.99
639.99
639.99
639.99
639.99
639.99
639.99
639.99
639.99
639.99
639.99
639.99
639.99
639.99
639.99
639.99
639.99
639.99
639.99
639.99
639.99
639.99
639.99
639.99
639.99
639.99
639.99
639.99
639.99
639.99
639.99
639.99
639.99
639.99
639.99
639.99
639.99
639.99
639.99
639.99
639.99
639.99
639.99
639.99
639.99
639.99
639.99
639.99
639.99
639.99
639.99
639.99
639.99
639.99
639.99
639.99
639.99
639.99
639.99
639.99
639.99
639.99
639.99
639.99
639.99
639.99
639.99
639.99
639.99
639.99
639.99
639.99
639.99
639.99
639.99
639.99
639.99
639.99
639.99
639.99
639.99
639.99
639.99
639.99
639.99
639.99
639.99
639.99
639.99
639.99
639.99
639.99
639.99
639.99
639.99
639.99
639.99
639.99
639.99
640.00
640.00
640.00
640.00
640.00
640.00
640.00
640.00
640.00
640.00
640.00
640.00
640.00
640.00
640.00
640.00
640.00
640.00
640.00
640.00
640.00
640.00
640.00
640.00
640.00
640.00
640.00
640.00
640.00
640.00
640.00
640.00
640.00
640.00
640.00
640.00
640.00
640.00
640.00
640.00
640.00
640.00
640.00
640.00
640.00
640.00
640.00
640.00
640.00
640.00
640.00
640.00
640.00
640.00
640.00
640.00
640.00
640.00
640.00
640.00
640.00
640.00
640.00
640.00
640.00
640.00
640.00
640.00
640.00
640.00
640.00
640.00
640.00
640.00
640.00
640.00
640.00
640.00
640.00
640.00
640.00
640.00
640.00
640.00
640.00
640.00
640.00
640.00
640.00
640.00
640.00
640.00
640.00
640.00
640.00
640.00
640.00
640.00
640.00
640.00
640.00
640.00
640.00
640.00
640.00
640.00
640.00
640.00
640.00
640.00
640.00
640.00
640.00
640.00
640.00
640.00
640.00
640.00
640.00
640.00
640.00
640.00
640.00
640.00
640.00
640.00
640.00
640.00
640.00
640.00
640.00
640.00
640.00
640.00
640.00
640.00
640.00
640.00
640.00
640.00
640.00
640.00
640.00
640.00
640.00
640.00
640.00
640.00
640.00
640.00
640.00
640.00
640.00
640.00
640.00
640.00
640.00
640.00
640.00
640.00
640.00
640.00
640.00
640.00
640.00
640.00
640.00
640.00
640.00
640.00
640.00
640.00
640.00
640.00
640.00
640.00
640.00
640.00
640.00
640.00
640.00
640.00
640.00
640.00
640.00
640.00
640.00
640.00
640.00
640.00
640.00
640.00
640.00
640.00
640.00
640.00
640.00
640.00
640.00
640.00
640.00
640.00
640.00
640.00
640.00
640.00
640.00
640.00
640.00
640.00
640.00
640.00
640.00
640.00
640.00
640.00
640.00
640.00
640.00
640.00
640.00
640.00
640.00
640.00
640.00
640.00
640.00
640.00
640.00
640.00
640.00
640.00
640.00
640.00
640.00
640.00
640.00
640.00
640.00
640.00
640.00
640.00
640.00
640.00
640.00
640.00
640.00
640.00
640.00
640.00
640.00
640.00
640.00
640.00
640.00
640.00
640.00
640.00
640.00
640.00
640.00
640.00
640.00
640.00
640.00
640.00
640.00
640.00
640.00
640.00
640.00
640.00
640.00
640.00
640.00
640.00
640.00
640.00
640.00
640.00
640.00
640.00
640.00
640.00
640.00
640.00
640.00
640.00
640.00
640.00
640.00
640.00
640.00
640.00
640.00
640.00
640.00
640.00
640.00
640.00
640.00
640.00
640.00
640.00
640.00
640.00
640.00
640.00
640.00
640.00
640.00
640.00
640.00
640.00
640.00
640.00
640.00
640.00
640.00
640.00
640.00
640.00
640.00
640.00
640.00
640.00
640.00
640.00
640.00
640.00
640.00
640.00
640.00
640.00
640.00
640.00
640.00
640.00
640.00
640.00
640.00
640.00
640.00
640.00
640.00
640.00
640.00
640.00
640.00
640.00
640.00
640.00
640.00
640.00
640.00
640.00
640.00
640.00
640.00
640.00
640.00
640.00
640.00
640.00
640.00
640.00
640.00
640.00
640.00
640.00
640.00
640.00
640.00
640.00
640.00
640.00
640.00
640.00
640.00
640.00
640.00
640.00
640.00
640.00
640.00
640.00
640.00
640.00
640.00
640.00
640.00
640.00
640.00
640.00
640.00
640.00
640.00
640.00
640.00
640.00
640.00
640.00
640.00
640.00
640.00
640.00
640.00
640.00
640.00
640.00
640.00
640.00
640.00
640.00
640.00
640.00
640.00
640.00
640.00
640.00
640.00
640.00
640.00
640.00
640.00
640.00
640.00
640.00
640.00
640.00
640.00
640.00
640.00
640.00
640.00
640.00
640.00
640.00
640.00
640.00
640.00
640.00
640.00
640.00
640.00
640.00
640.00
640.00
640.00
640.00
640.00
640.00
640.00
640.00
640.00
640.00
640.00
640.00
640.00
640.00
640.00
640.00
640.00
640.00
640.00
640.00
640.00
640.00
640.00
640.00
640.00
640.00
640.00
640.00
640.00
640.00
640.00
640.00
640.00
640.00
640.00
640.00
640.00
640.00
640.00
640.00
640.00
640.00
640.00
640.00
640.00
640.00
640.00
640.00
640.00
640.00
640.00
640.00
640.00
640.00
640.00
640.00
640.00
640.00
640.00
640.00
640.00
640.00
640.00
640.00
640.00
640.00
640.00
640.00
640.00
640.00
640.00
640.00
640.00
640.00
640.00
640.00
640.00
640.00
640.00
640.00
640.00
640.00
640.00
640.00
640.00
640.00
640.00
640.00
640.00
640.00
640.00
640.00
640.00
640.00
640.00
640.00
640.00
640.00
640.00
640.00
640.00
640.00
640.00
640.00
640.00
640.00
640.00
640.00
640.00
640.00
