0.60
16.07
29.22
41.52
53.22
64.50
75.45
86.13
96.58
106.84
116.93
126.86
136.66
146.33
155.88
165.34
174.69
183.96
193.15
202.26
211.29
220.26
229.17
238.02
246.80
255.54
264.22
272.86
281.45
289.99
298.49
306.95
315.36
323.74
332.09
340.39
348.66
356.90
365.10
373.27
381.41
389.52
397.60
405.65
413.67
421.66
429.63
437.56
445.47
453.36
461.22
469.05
476.86
484.64
492.40
500.13
507.84
515.53
523.20
530.84
538.46
546.06
553.63
561.19
568.72
576.23
583.72
591.20
598.65
606.07
613.48
620.87
628.24
635.60
642.93
650.24
657.53
664.81
672.06
679.30
686.52
693.72
700.90
708.06
715.21
722.34
729.45
736.54
743.62
750.68
757.72
764.75
771.75
778.74
785.72
792.68
799.62
806.54
813.45
820.34
827.22
834.08
840.92
847.75
854.56
861.36
868.14
874.90
881.65
888.38
895.10
901.80
908.49
915.16
921.82
928.46
935.09
941.70
948.29
954.88
961.44
968.00
974.53
981.06
987.56
994.06
1000.54
1007.00
1013.45
1019.89
1026.31
1032.72
1039.11
1045.49
1051.85
1058.20
1064.54
1070.86
1077.17
1083.47
1089.75
1096.01
1102.27
1108.51
1114.73
1120.94
1127.14
1133.33
1139.50
1145.66
1151.80
1157.93
1164.05
1170.15
1176.24
1182.32
1188.39
1194.44
1200.48
1206.50
1212.51
1218.51
1224.50
1230.47
1236.43
1242.37
1248.31
1254.23
1260.14
1266.03
1271.91
1277.78
1283.64
1289.48
1295.32
1301.13
1306.94
1312.73
1318.52
1324.28
1330.04
1335.78
1341.51
1347.23
1352.94
1358.63
1364.32
1369.99
1375.64
1381.29
1386.92
1392.54
1398.15
1403.75
1409.33
1414.90
1420.46
1426.01
1431.55
1437.07
1442.58
1448.08
1453.57
1459.05
1464.52
1469.97
1475.41
1480.84
1486.26
1491.66
1497.06
1502.44
1507.81
1513.17
1518.52
1523.86
1529.18
1534.50
1539.80
1545.09
1550.37
1555.64
1560.90
1566.14
1571.38
1576.60
1581.81
1587.01
1592.20
1597.38
1602.55
1607.70
1612.85
1617.98
1623.10
1628.21
1633.31
1638.40
1643.48
1648.55
1653.61
1658.65
1663.69
1668.71
1673.73
1678.73
1683.72
1688.70
1693.67
1698.63
1703.58
1708.52
1713.45
1718.36
1723.27
1728.17
1733.05
1737.93
1742.79
1747.65
1752.49
1757.32
1762.15
1766.96
1771.76
1776.55
1781.33
1786.10
1790.87
1795.62
1800.36
1805.09
1809.81
1814.52
1819.22
1823.91
1828.59
1833.25
1837.91
1842.56
1847.20
1851.83
1856.45
1861.06
1865.66
1870.25
1874.83
1879.40
1883.96
1888.51
1893.05
1897.58
1902.10
1906.62
1911.12
1915.61
1920.09
1924.56
1929.03
1933.48
1937.92
1942.36
1946.78
1951.20
1955.60
1960.00
1964.39
1968.77
1973.13
1977.49
1981.84
1986.18
1990.51
1994.83
1999.14
2003.45
2007.74
2012.03
2016.30
2020.57
2024.82
2029.07
2033.31
2037.54
2041.76
2045.97
2050.17
2054.36
2058.55
2062.72
2066.89
2071.05
2075.19
2079.33
2083.46
2087.58
2091.70
2095.80
2099.90
2103.98
2108.06
2112.13
2116.19
2120.24
2124.28
2128.31
2132.34
2136.35
2140.36
2144.36
2148.35
2152.33
2156.31
2160.27
2164.23
2168.18
2172.11
2176.04
2179.97
2183.88
2187.79
2191.68
2195.57
2199.45
2203.32
2207.19
2211.04
2214.89
2218.73
2222.56
2226.38
2230.20
2234.00
2237.80
2241.59
2245.37
2249.14
2252.91
2256.66
2260.41
2264.15
2267.89
2271.61
2275.33
2279.04
2282.74
2286.43
2290.12
2293.79
2297.46
2301.12
2304.78
2308.42
2312.06
2315.69
2319.31
2322.93
2326.53
2330.13
2333.72
2337.30
2340.88
2344.45
2348.01
2351.56
2355.11
2358.64
2362.17
2365.69
2369.21
2372.72
2376.21
2379.71
2383.19
2386.67
2390.14
2393.60
2397.05
2400.50
2403.94
2407.37
2410.80
2414.21
2417.62
2421.03
2424.42
2427.81
2431.19
2434.56
2437.93
2441.29
2444.64
2447.99
2451.32
2454.65
2457.98
2461.29
2464.60
2467.90
2471.20
2474.49
2477.77
2481.04
2484.31
2487.57
2490.82
2494.06
2497.30
2500.53
2503.76
2506.98
2510.19
2513.39
2516.59
2519.78
2522.96
2526.14
2529.31
2532.47
2535.62
2538.77
2541.92
2545.05
2548.18
2551.30
2554.42
2557.53
2560.63
2563.72
2566.81
2569.89
2572.97
2576.04
2579.10
2582.15
2585.20
2588.25
2591.28
2594.31
2597.33
2600.35
2603.36
2606.36
2609.36
2612.35
2615.33
2618.31
2621.28
2624.25
2627.21
2630.16
2633.10
2636.04
2638.98
2641.90
2644.82
2647.74
2650.65
2653.55
2656.44
2659.33
2662.22
2665.09
2667.96
2670.83
2673.69
2676.54
2679.38
2682.22
2685.06
2687.88
2690.71
2693.52
2696.33
2699.13
2701.93
2704.72
2707.51
2710.29
2713.06
2715.83
2718.59
2721.35
2724.10
2726.84
2729.58
2732.31
2735.04
2737.76
2740.47
2743.18
2745.88
2748.58
2751.27
2753.95
2756.63
2759.31
2761.98
2764.64
2767.29
2769.95
2772.59
2775.23
2777.86
2780.49
2783.11
2785.73
2788.34
2790.95
2793.55
2796.14
2798.73
2801.31
2803.89
2806.46
2809.03
2811.59
2814.15
2816.70
2819.24
2821.78
2824.31
2826.84
2829.37
2831.88
2834.39
2836.90
2839.40
2841.90
2844.39
2846.87
2849.35
2851.83
2854.30
2856.76
2859.22
2861.67
2864.12
2866.56
2869.00
2871.43
2873.86
2876.28
2878.70
2881.11
2883.51
2885.92
2888.31
2890.70
2893.09
2895.47
2897.84
2900.21
2902.58
2904.94
2907.29
2909.64
2911.99
2914.33
2916.66
2918.99
2921.32
2923.63
2925.95
2928.26
2930.56
2932.86
2935.16
2937.45
2939.73
2942.01
2944.29
2946.56
2948.82
2951.08
2953.34
2955.59
2957.84
2960.08
2962.31
2964.55
2966.77
2968.99
2971.21
2973.42
2975.63
2977.83
2980.03
2982.22
2984.41
2986.60
2988.78
2990.95
2993.12
2995.29
2997.45
2999.60
3001.75
3003.90
3006.04
3008.18
3010.31
3012.44
3014.56
3016.68
3018.80
3020.91
3023.01
3025.11
3027.21
3029.30
3031.39
3033.47
3035.55
3037.63
3039.70
3041.76
3043.82
3045.88
3047.93
3049.98
3052.02
3054.06
3056.09
3058.12
3060.15
3062.17
3064.18
3066.20
3068.21
3070.21
3072.21
3074.20
3076.19
3078.18
3080.16
3082.14
3084.12
3086.08
3088.05
3090.01
3091.97
3093.92
3095.87
3097.81
3099.75
3101.69
3103.62
3105.55
3107.47
3109.39
3111.31
3113.22
3115.12
3117.03
3118.93
3120.82
3122.71
3124.60
3126.48
3128.36
3130.23
3132.10
3133.97
3135.83
3137.69
3139.54
3141.39
3143.24
3145.08
3146.92
3148.76
3150.59
3152.41
3154.24
3156.06
3157.87
3159.68
3161.49
3163.29
3165.09
3166.89
3168.68
3170.46
3172.25
3174.03
3175.80
3177.58
3179.35
3181.11
3182.87
3184.63
3186.38
3188.13
3189.88
3191.62
3193.36
3195.09
3196.82
3198.55
3200.27
3201.99
3203.71
3205.42
3207.13
3208.84
3210.54
3212.23
3213.93
3215.62
3217.31
3218.99
3220.67
3222.34
3224.02
3225.69
3227.35
3229.01
3230.67
3232.32
3233.98
3235.62
3237.27
3238.91
3240.54
3242.18
3243.81
3245.43
3247.05
3248.67
3250.29
3251.90
3253.51
3255.12
3256.72
3258.32
3259.91
3261.50
3263.09
3264.67
3266.26
3267.83
3269.41
3270.98
3272.55
3274.11
3275.67
3277.23
3278.78
3280.34
3281.88
3283.43
3284.97
3286.51
3288.04
3289.57
3291.10
3292.62
3294.14
3295.66
3297.18
3298.69
3300.20
3301.70
3303.20
3304.70
3306.20
3307.69
3309.18
3310.66
3312.14
3313.62
3315.10
3316.57
3318.04
3319.51
3320.97
3322.43
3323.89
3325.34
3326.79
3328.24
3329.69
3331.13
3332.57
3334.00
3335.43
3336.86
3338.29
3339.71
3341.13
3342.55
3343.96
3345.37
3346.78
3348.19
3349.59
3350.99
3352.38
3353.77
3355.16
3356.55
3357.93
3359.31
3360.69
3362.07
3363.44
3364.81
3366.17
3367.54
3368.90
3370.25
3371.61
3372.96
3374.31
3375.65
3377.00
3378.34
3379.67
3381.01
3382.34
3383.67
3384.99
3386.31
3387.63
3388.95
3390.26
3391.58
3392.88
3394.19
3395.49
3396.79
3398.09
3399.38
3400.67
3401.96
3403.25
3404.53
3405.81
3407.09
3408.37
3409.64
3410.91
3412.17
3413.44
3414.70
3415.96
3417.21
3418.47
3419.72
3420.97
3422.21
3423.45
3424.69
3425.93
3427.17
3428.40
3429.63
3430.85
3432.08
3433.30
3434.52
3435.73
3436.95
3438.16
3439.37
3440.57
3441.77
3442.97
3444.17
3445.37
3446.56
3447.75
3448.94
3450.12
3451.31
3452.49
3453.66
3454.84
3456.01
3457.18
3458.35
3459.51
3460.67
3461.83
3462.99
3464.15
3465.30
3466.45
3467.60
3468.74
3469.88
3471.02
3472.16
3473.30
3474.43
3475.56
3476.69
3477.81
3478.93
3480.05
3481.17
3482.29
3483.40
3484.51
3485.62
3486.73
3487.83
3488.93
3490.03
3491.13
3492.22
3493.31
3494.40
3495.49
3496.58
3497.66
3498.74
3499.82
3500.89
3501.97
3503.04
3504.10
3505.17
3506.24
3507.30
3508.36
3509.41
3510.47
3511.52
3512.57
3513.62
3514.67
3515.71
3516.75
3517.79
3518.83
3519.86
3520.89
3521.92
3522.95
3523.98
3525.00
3526.02
3527.04
3528.06
3529.07
3530.09
3531.10
3532.11
3533.11
3534.12
3535.12
3536.12
3537.12
3538.11
3539.10
3540.10
3541.08
3542.07
3543.06
3544.04
3545.02
3546.00
3546.97
3547.95
3548.92
3549.89
3550.86
3551.82
3552.79
3553.75
3554.71
3555.67
3556.62
3557.58
3558.53
3559.48
3560.42
3561.37
3562.31
3563.25
3564.19
3565.13
3566.06
3567.00
3567.93
3568.86
3569.79
3570.71
3571.63
3572.55
3573.47
3574.39
3575.31
3576.22
3577.13
3578.04
3578.95
3579.85
3580.76
3581.66
3582.56
3583.46
3584.35
3585.24
3586.14
3587.03
3587.91
3588.80
3589.69
3590.57
3591.45
3592.33
3593.20
3594.08
3594.95
3595.82
3596.69
3597.56
3598.42
3599.29
3600.15
3601.01
3601.87
3602.72
3603.58
3604.43
3605.28
3606.13
3606.98
3607.82
3608.66
3609.51
3610.35
3611.18
3612.02
3612.85
3613.69
3614.52
3615.35
3616.17
3617.00
3617.82
3618.64
3619.46
3620.28
3621.10
3621.91
3622.73
3623.54
3624.35
3625.16
3625.96
3626.77
3627.57
3628.37
3629.17
3629.97
3630.76
3631.56
3632.35
3633.14
3633.93
3634.72
3635.50
3636.28
3637.07
3637.85
3638.63
3639.40
3640.18
3640.95
3641.72
3642.49
3643.26
3644.03
3644.80
3645.56
3646.32
3647.08
3647.84
3648.60
3649.35
3650.11
3650.86
3651.61
3652.36
3653.11
3653.85
3654.60
3655.34
3656.08
3656.82
3657.56
3658.30
3659.03
3659.76
3660.50
3661.23
3661.95
3662.68
3663.41
3664.13
3664.85
3665.57
3666.29
3667.01
3667.73
3668.44
3669.15
3669.87
3670.58
3671.28
3671.99
3672.70
3673.40
3674.10
3674.80
3675.50
3676.20
3676.90
3677.59
3678.28
3678.98
3679.67
3680.36
3681.04
3681.73
3682.41
3683.10
3683.78
3684.46
3685.14
3685.81
3686.49
3687.16
3687.84
3688.51
3689.18
3689.85
3690.51
3691.18
3691.84
3692.50
3693.17
3693.83
3694.48
3695.14
3695.80
3696.45
3697.10
3697.76
3698.41
3699.05
3699.70
3700.35
3700.99
3701.63
3702.28
3702.92
3703.55
3704.19
3704.83
3705.46
3706.10
3706.73
3707.36
3707.99
3708.62
3709.24
3709.87
3710.49
3711.11
3711.74
3712.36
3712.97
3713.59
3714.21
3714.82
3715.44
3716.05
3716.66
3717.27
3717.87
3718.48
3719.09
3719.69
3720.29
3720.90
3721.50
3722.09
3722.69
3723.29
3723.88
3724.48
3725.07
3725.66
3726.25
3726.84
3727.43
3728.01
3728.60
3729.18
3729.76
3730.35
3730.92
3731.50
3732.08
3732.66
3733.23
3733.81
3734.38
3734.95
3735.52
3736.09
3736.66
3737.22
3737.79
3738.35
3738.91
3739.47
3740.03
3740.59
3741.15
3741.71
3742.26
3742.82
3743.37
3743.92
3744.47
3745.02
3745.57
3746.12
3746.66
3747.21
3747.75
3748.30
3748.84
3749.38
3749.92
3750.45
3750.99
3751.53
3752.06
3752.59
3753.13
3753.66
3754.19
3754.71
3755.24
3755.77
3756.29
3756.82
3757.34
3757.86
3758.38
3758.90
3759.42
3759.94
3760.45
3760.97
3761.48
3762.00
3762.51
3763.02
3763.53
3764.04
3764.54
3765.05
3765.56
3766.06
3766.56
3767.07
3767.57
3768.07
3768.56
3769.06
3769.56
3770.05
3770.55
3771.04
3771.53
3772.03
3772.52
3773.01
3773.49
3773.98
3774.47
3774.95
3775.44
3775.92
3776.40
3776.88
3777.36
3777.84
3778.32
3778.79
3779.27
3779.74
3780.22
3780.69
3781.16
3781.63
3782.10
3782.57
3783.04
3783.51
3783.97
3784.44
3784.90
3785.36
3785.82
3786.28
3786.74
3787.20
3787.66
3788.12
3788.57
3789.03
3789.48
3789.93
3790.38
3790.84
3791.29
3791.73
3792.18
3792.63
3793.07
3793.52
3793.96
3794.41
3794.85
3795.29
3795.73
3796.17
3796.61
3797.05
3797.48
3797.92
3798.35
3798.79
3799.22
3799.65
3800.08
3800.51
3800.94
3801.37
3801.79
3802.22
3802.65
3803.07
3803.49
3803.92
3804.34
3804.76
3805.18
3805.60
3806.02
3806.43
3806.85
3807.26
3807.68
3808.09
3808.51
3808.92
3809.33
3809.74
3810.15
3810.56
3810.96
3811.37
3811.77
3812.18
3812.58
3812.99
3813.39
3813.79
3814.19
3814.59
3814.99
3815.39
3815.78
3816.18
3816.58
3816.97
3817.36
3817.76
3818.15
3818.54
3818.93
3819.32
3819.71
3820.09
3820.48
3820.87
3821.25
3821.64
3822.02
3822.40
3822.79
3823.17
3823.55
3823.93
3824.30
3824.68
3825.06
3825.44
3825.81
3826.19
3826.56
3826.93
3827.30
3827.68
3828.05
3828.42
3828.79
3829.15
3829.52
3829.89
3830.25
3830.62
3830.98
3831.35
3831.71
3832.07
3832.43
3832.79
3833.15
3833.51
3833.87
3834.23
3834.58
3834.94
3835.29
3835.65
3836.00
3836.35
3836.70
3837.06
3837.41
3837.76
3838.11
3838.45
3838.80
3839.15
3839.49
3839.84
3840.18
3840.53
3840.87
3841.21
3841.55
3841.89
3842.23
3842.57
3842.91
3843.25
3843.59
3843.92
3844.26
3844.59
3844.93
3845.26
3845.59
3845.93
3846.26
3846.59
3846.92
3847.25
3847.58
3847.90
3848.23
3848.56
3848.88
3849.21
3849.53
3849.85
3850.18
3850.50
3850.82
3851.14
3851.46
3851.78
3852.10
3852.42
3852.74
3853.05
3853.37
3853.68
3854.00
3854.31
3854.63
3854.94
3855.25
3855.56
3855.87
3856.18
3856.49
3856.80
3857.11
3857.42
3857.72
3858.03
3858.33
3858.64
3858.94
3859.25
3859.55
3859.85
3860.15
3860.45
3860.75
3861.05
3861.35
3861.65
3861.95
3862.24
3862.54
3862.83
3863.13
3863.42
3863.72
3864.01
3864.30
3864.59
3864.89
3865.18
3865.47
3865.76
3866.04
3866.33
3866.62
3866.91
3867.19
3867.48
3867.76
3868.05
3868.33
3868.61
3868.90
3869.18
3869.46
3869.74
3870.02
3870.30
3870.58
3870.86
3871.14
3871.41
3871.69
3871.97
3872.24
3872.52
3872.79
3873.06
3873.34
3873.61
3873.88
3874.15
3874.42
3874.69
3874.96
3875.23
3875.50
3875.77
3876.03
3876.30
3876.57
3876.83
3877.10
3877.36
3877.62
3877.89
3878.15
3878.41
3878.67
3878.93
3879.20
3879.45
3879.71
3879.97
3880.23
3880.49
3880.75
3881.00
3881.26
3881.51
3881.77
3882.02
3882.28
3882.53
3882.78
3883.03
3883.29
3883.54
3883.79
3884.04
3884.29
3884.53
3884.78
3885.03
3885.28
3885.52
3885.77
3886.02
3886.26
3886.51
3886.75
3886.99
3887.24
3887.48
3887.72
3887.96
3888.20
3888.44
3888.68
3888.92
3889.16
3889.40
3889.64
3889.88
3890.11
3890.35
3890.58
3890.82
3891.05
3891.29
3891.52
3891.76
3891.99
3892.22
3892.45
3892.68
3892.91
3893.15
3893.37
3893.60
3893.83
3894.06
3894.29
3894.52
3894.74
3894.97
3895.20
3895.42
3895.65
3895.87
3896.09
3896.32
3896.54
3896.76
3896.98
3897.21
3897.43
3897.65
3897.87
3898.09
3898.31
3898.53
3898.74
3898.96
3899.18
3899.40
3899.61
3899.83
3900.04
3900.26
3900.47
3900.69
3900.90
3901.11
3901.33
3901.54
3901.75
3901.96
3902.17
3902.38
3902.59
3902.80
3903.01
3903.22
3903.43
3903.64
3903.84
3904.05
3904.26
3904.46
3904.67
3904.87
3905.08
3905.28
3905.48
3905.69
3905.89
3906.09
3906.29
3906.50
3906.70
3906.90
3907.10
3907.30
3907.50
3907.70
3907.89
3908.09
3908.29
3908.49
3908.68
3908.88
3909.08
3909.27
3909.47
3909.66
3909.86
3910.05
3910.24
3910.44
3910.63
3910.82
3911.01
3911.20
3911.40
3911.59
3911.78
3911.97
3912.15
3912.34
3912.53
3912.72
3912.91
3913.10
3913.28
3913.47
3913.65
3913.84
3914.03
3914.21
3914.40
3914.58
3914.76
3914.95
3915.13
3915.31
3915.49
3915.68
3915.86
3916.04
3916.22
3916.40
3916.58
3916.76
3916.94
3917.12
3917.29
3917.47
3917.65
3917.83
3918.00
3918.18
3918.35
3918.53
3918.71
3918.88
3919.05
3919.23
3919.40
3919.58
3919.75
3919.92
3920.09
3920.27
3920.44
3920.61
3920.78
3920.95
3921.12
3921.29
3921.46
3921.63
3921.80
3921.96
3922.13
3922.30
3922.47
3922.63
3922.80
3922.97
3923.13
3923.30
3923.46
3923.63
3923.79
3923.95
3924.12
3924.28
3924.44
3924.61
3924.77
3924.93
3925.09
3925.25
3925.41
3925.57
3925.73
3925.89
3926.05
3926.21
3926.37
3926.53
3926.69
3926.84
3927.00
3927.16
3927.32
3927.47
3927.63
3927.78
3927.94
3928.09
3928.25
3928.40
3928.56
3928.71
3928.86
3929.02
3929.17
3929.32
3929.47
3929.62
3929.78
3929.93
3930.08
3930.23
3930.38
3930.53
3930.68
3930.83
3930.97
3931.12
3931.27
3931.42
3931.57
3931.71
3931.86
3932.01
3932.15
3932.30
3932.45
3932.59
3932.74
3932.88
3933.02
3933.17
3933.31
3933.46
3933.60
3933.74
3933.88
3934.03
3934.17
3934.31
3934.45
3934.59
3934.73
3934.87
3935.01
3935.15
3935.29
3935.43
3935.57
3935.71
3935.85
3935.98
3936.12
3936.26
3936.40
3936.53
3936.67
3936.81
3936.94
3937.08
3937.21
3937.35
3937.48
3937.62
3937.75
3937.89
3938.02
3938.15
3938.28
3938.42
3938.55
3938.68
3938.81
3938.95
3939.08
3939.21
3939.34
3939.47
3939.60
3939.73
3939.86
3939.99
3940.12
3940.25
3940.37
3940.50
3940.63
3940.76
3940.89
3941.01
3941.14
3941.27
3941.39
3941.52
3941.64
3941.77
3941.90
3942.02
3942.14
3942.27
3942.39
3942.52
3942.64
3942.76
3942.89
3943.01
3943.13
3943.25
3943.38
3943.50
3943.62
3943.74
3943.86
3943.98
3944.10
3944.22
3944.34
3944.46
3944.58
3944.70
3944.82
3944.94
3945.06
3945.18
3945.29
3945.41
3945.53
3945.65
3945.76
3945.88
3946.00
3946.11
3946.23
3946.34
3946.46
3946.57
3946.69
3946.80
3946.92
3947.03
3947.15
3947.26
3947.37
3947.49
3947.60
3947.71
3947.82
3947.94
3948.05
3948.16
3948.27
3948.38
3948.49
3948.60
3948.72
3948.83
3948.94
3949.05
3949.15
3949.26
3949.37
3949.48
3949.59
3949.70
3949.81
3949.92
3950.02
3950.13
3950.24
3950.34
3950.45
3950.56
3950.66
3950.77
3950.88
3950.98
3951.09
3951.19
3951.30
3951.40
3951.51
3951.61
3951.72
3951.82
3951.92
3952.03
3952.13
3952.23
3952.33
3952.44
3952.54
3952.64
3952.74
3952.85
3952.95
3953.05
3953.15
3953.25
3953.35
3953.45
3953.55
3953.65
3953.75
3953.85
3953.95
3954.05
3954.15
3954.25
3954.34
3954.44
3954.54
3954.64
3954.73
3954.83
3954.93
3955.03
3955.12
3955.22
3955.32
3955.41
3955.51
3955.60
3955.70
3955.79
3955.89
3955.98
3956.08
3956.17
3956.27
3956.36
3956.46
3956.55
3956.64
3956.74
3956.83
3956.92
3957.01
3957.11
3957.20
3957.29
3957.38
3957.47
3957.57
3957.66
3957.75
3957.84
3957.93
3958.02
3958.11
3958.20
3958.29
3958.38
3958.47
3958.56
3958.65
3958.74
3958.83
3958.91
3959.00
3959.09
3959.18
3959.27
3959.35
3959.44
3959.53
3959.62
3959.70
3959.79
3959.88
3959.96
3960.05
3960.13
3960.22
3960.31
3960.39
3960.48
3960.56
3960.65
3960.73
3960.81
3960.90
3960.98
3961.07
3961.15
3961.23
3961.32
3961.40
3961.48
3961.57
3961.65
3961.73
3961.81
3961.90
3961.98
3962.06
3962.14
3962.22
3962.30
3962.39
3962.47
3962.55
3962.63
3962.71
3962.79
3962.87
3962.95
3963.03
3963.11
3963.19
3963.27
3963.34
3963.42
3963.50
3963.58
3963.66
3963.74
3963.81
3963.89
3963.97
3964.05
3964.12
3964.20
3964.28
3964.36
3964.43
3964.51
3964.59
3964.66
3964.74
3964.81
3964.89
3964.96
3965.04
3965.12
3965.19
3965.26
3965.34
3965.41
3965.49
3965.56
3965.64
3965.71
3965.78
3965.86
3965.93
3966.00
3966.08
3966.15
3966.22
3966.30
3966.37
3966.44
3966.51
3966.59
3966.66
3966.73
3966.80
3966.87
3966.94
3967.01
3967.08
3967.16
3967.23
3967.30
3967.37
3967.44
3967.51
3967.58
3967.65
3967.72
3967.79
3967.86
3967.92
3967.99
3968.06
3968.13
3968.20
3968.27
3968.34
3968.40
3968.47
3968.54
3968.61
3968.67
3968.74
3968.81
3968.88
3968.94
3969.01
3969.08
3969.14
3969.21
3969.28
3969.34
3969.41
3969.47
3969.54
3969.60
3969.67
3969.74
3969.80
3969.87
3969.93
3969.99
3970.06
3970.12
3970.19
3970.25
3970.32
3970.38
3970.44
3970.51
3970.57
3970.63
3970.70
3970.76
3970.82
3970.89
3970.95
3971.01
3971.07
3971.14
3971.20
3971.26
3971.32
3971.38
3971.44
3971.51
3971.57
3971.63
3971.69
3971.75
3971.81
3971.87
3971.93
3971.99
3972.05
3972.11
3972.17
3972.23
3972.29
3972.35
3972.41
3972.47
3972.53
3972.59
3972.65
3972.71
3972.77
3972.82
3972.88
3972.94
3973.00
3973.06
3973.11
3973.17
3973.23
3973.29
3973.35
3973.40
3973.46
3973.52
3973.57
3973.63
3973.69
3973.74
3973.80
3973.86
3973.91
3973.97
3974.03
3974.08
3974.14
3974.19
3974.25
3974.30
3974.36
3974.41
3974.47
3974.52
3974.58
3974.63
3974.69
3974.74
3974.80
3974.85
3974.90
3974.96
3975.01
3975.07
3975.12
3975.17
3975.23
3975.28
3975.33
3975.39
3975.44
3975.49
3975.54
3975.60
3975.65
3975.70
3975.75
3975.81
3975.86
3975.91
3975.96
3976.01
3976.07
3976.12
3976.17
3976.22
3976.27
3976.32
3976.37
3976.42
3976.47
3976.52
3976.58
3976.63
3976.68
3976.73
3976.78
3976.83
3976.88
3976.93
3976.98
3977.02
3977.07
3977.12
3977.17
3977.22
3977.27
3977.32
3977.37
3977.42
3977.47
3977.51
3977.56
3977.61
3977.66
3977.71
3977.75
3977.80
3977.85
3977.90
3977.95
3977.99
3978.04
3978.09
3978.13
3978.18
3978.23
3978.28
3978.32
3978.37
3978.42
3978.46
3978.51
3978.55
3978.60
3978.65
3978.69
3978.74
3978.78
3978.83
3978.87
3978.92
3978.97
3979.01
3979.06
3979.10
3979.15
3979.19
3979.24
3979.28
3979.32
3979.37
3979.41
3979.46
3979.50
3979.55
3979.59
3979.63
3979.68
3979.72
3979.76
3979.81
3979.85
3979.90
3979.94
3979.98
3980.02
3980.07
3980.11
3980.15
3980.20
3980.24
3980.28
3980.32
3980.37
3980.41
3980.45
3980.49
3980.53
3980.58
3980.62
3980.66
3980.70
3980.74
3980.78
3980.83
3980.87
3980.91
3980.95
3980.99
3981.03
3981.07
3981.11
3981.15
3981.19
3981.23
3981.27
3981.31
3981.35
3981.39
3981.43
3981.47
3981.51
3981.55
3981.59
3981.63
3981.67
3981.71
3981.75
3981.79
3981.83
3981.87
3981.91
3981.95
3981.99
3982.02
3982.06
3982.10
3982.14
3982.18
3982.22
3982.26
3982.29
3982.33
3982.37
3982.41
3982.45
3982.48
3982.52
3982.56
3982.60
3982.63
3982.67
3982.71
3982.74
3982.78
3982.82
3982.86
3982.89
3982.93
3982.97
3983.00
3983.04
3983.08
3983.11
3983.15
3983.18
3983.22
3983.26
3983.29
3983.33
3983.36
3983.40
3983.44
3983.47
3983.51
3983.54
3983.58
3983.61
3983.65
3983.68
3983.72
3983.75
3983.79
3983.82
3983.86
3983.89
3983.93
3983.96
3984.00
3984.03
3984.07
3984.10
3984.13
3984.17
3984.20
3984.24
3984.27
3984.30
3984.34
3984.37
3984.41
3984.44
3984.47
3984.51
3984.54
3984.57
3984.61
3984.64
3984.67
3984.70
3984.74
3984.77
3984.80
3984.84
3984.87
3984.90
3984.93
3984.97
3985.00
3985.03
3985.06
3985.09
3985.13
3985.16
3985.19
3985.22
3985.25
3985.29
3985.32
3985.35
3985.38
3985.41
3985.44
3985.47
3985.51
3985.54
3985.57
3985.60
3985.63
3985.66
3985.69
3985.72
3985.75
3985.78
3985.81
3985.85
3985.88
3985.91
3985.94
3985.97
3986.00
3986.03
3986.06
3986.09
3986.12
3986.15
3986.18
3986.21
3986.24
3986.27
3986.29
3986.32
3986.35
3986.38
3986.41
3986.44
3986.47
3986.50
3986.53
3986.56
3986.59
3986.62
3986.64
3986.67
3986.70
3986.73
3986.76
3986.79
3986.82
3986.84
3986.87
3986.90
3986.93
3986.96
3986.98
3987.01
3987.04
3987.07
3987.10
3987.12
3987.15
3987.18
3987.21
3987.23
3987.26
3987.29
3987.32
3987.34
3987.37
3987.40
3987.43
3987.45
3987.48
3987.51
3987.53
3987.56
3987.59
3987.61
3987.64
3987.67
3987.69
3987.72
3987.75
3987.77
3987.80
3987.83
3987.85
3987.88
3987.90
3987.93
3987.96
3987.98
3988.01
3988.03
3988.06
3988.08
3988.11
3988.14
3988.16
3988.19
3988.21
3988.24
3988.26
3988.29
3988.31
3988.34
3988.36
3988.39
3988.41
3988.44
3988.46
3988.49
3988.51
3988.54
3988.56
3988.59
3988.61
3988.64
3988.66
3988.68
3988.71
3988.73
3988.76
3988.78
3988.81
3988.83
3988.85
3988.88
3988.90
3988.93
3988.95
3988.97
3989.00
3989.02
3989.04
3989.07
3989.09
3989.11
3989.14
3989.16
3989.18
3989.21
3989.23
3989.25
3989.28
3989.30
3989.32
3989.35
3989.37
3989.39
3989.41
3989.44
3989.46
3989.48
3989.51
3989.53
3989.55
3989.57
3989.60
3989.62
3989.64
3989.66
3989.68
3989.71
3989.73
3989.75
3989.77
3989.80
3989.82
3989.84
3989.86
3989.88
3989.90
3989.93
3989.95
3989.97
3989.99
3990.01
3990.03
3990.06
3990.08
3990.10
3990.12
3990.14
3990.16
3990.18
3990.20
3990.23
3990.25
3990.27
3990.29
3990.31
3990.33
3990.35
3990.37
3990.39
3990.41
3990.43
3990.45
3990.47
3990.50
3990.52
3990.54
3990.56
3990.58
3990.60
3990.62
3990.64
3990.66
3990.68
3990.70
3990.72
3990.74
3990.76
3990.78
3990.80
3990.82
3990.84
3990.86
3990.88
3990.90
3990.92
3990.93
3990.95
3990.97
3990.99
3991.01
3991.03
3991.05
3991.07
3991.09
3991.11
3991.13
3991.15
3991.17
3991.18
3991.20
3991.22
3991.24
3991.26
3991.28
3991.30
3991.32
3991.34
3991.35
3991.37
3991.39
3991.41
3991.43
3991.45
3991.47
3991.48
3991.50
3991.52
3991.54
3991.56
3991.57
3991.59
3991.61
3991.63
3991.65
3991.66
3991.68
3991.70
3991.72
3991.74
3991.75
3991.77
3991.79
3991.81
3991.82
3991.84
3991.86
3991.88
3991.89
3991.91
3991.93
3991.95
3991.96
3991.98
3992.00
3992.02
3992.03
3992.05
3992.07
3992.08
3992.10
3992.12
3992.14
3992.15
3992.17
3992.19
3992.20
3992.22
3992.24
3992.25
3992.27
3992.29
3992.30
3992.32
3992.34
3992.35
3992.37
3992.39
3992.40
3992.42
3992.43
3992.45
3992.47
3992.48
3992.50
3992.52
3992.53
3992.55
3992.56
3992.58
3992.60
3992.61
3992.63
3992.64
3992.66
3992.67
3992.69
3992.71
3992.72
3992.74
3992.75
3992.77
3992.78
3992.80
3992.82
3992.83
3992.85
3992.86
3992.88
3992.89
3992.91
3992.92
3992.94
3992.95
3992.97
3992.98
3993.00
3993.01
3993.03
3993.04
3993.06
3993.07
3993.09
3993.10
3993.12
3993.13
3993.15
3993.16
3993.18
3993.19
3993.21
3993.22
3993.24
3993.25
3993.26
3993.28
3993.29
3993.31
3993.32
3993.34
3993.35
3993.37
3993.38
3993.39
3993.41
3993.42
3993.44
3993.45
3993.46
3993.48
3993.49
3993.51
3993.52
3993.53
3993.55
3993.56
3993.58
3993.59
3993.60
3993.62
3993.63
3993.64
3993.66
3993.67
3993.69
3993.70
3993.71
3993.73
3993.74
3993.75
3993.77
3993.78
3993.79
3993.81
3993.82
3993.83
3993.85
3993.86
3993.87
3993.89
3993.90
3993.91
3993.93
3993.94
3993.95
3993.96
3993.98
3993.99
3994.00
3994.02
3994.03
3994.04
3994.06
3994.07
3994.08
3994.09
3994.11
3994.12
3994.13
3994.14
3994.16
3994.17
3994.18
3994.19
3994.21
3994.22
3994.23
3994.24
3994.26
3994.27
3994.28
3994.29
3994.31
3994.32
3994.33
3994.34
3994.35
3994.37
3994.38
3994.39
3994.40
3994.41
3994.43
3994.44
3994.45
3994.46
3994.47
3994.49
3994.50
3994.51
3994.52
3994.53
3994.55
3994.56
3994.57
3994.58
3994.59
3994.60
3994.62
3994.63
3994.64
3994.65
3994.66
3994.67
3994.68
3994.70
3994.71
3994.72
3994.73
3994.74
3994.75
3994.76
3994.78
3994.79
3994.80
3994.81
3994.82
3994.83
3994.84
3994.85
3994.86
3994.88
3994.89
3994.90
3994.91
3994.92
3994.93
3994.94
3994.95
3994.96
3994.97
3994.98
3995.00
3995.01
3995.02
3995.03
3995.04
3995.05
3995.06
3995.07
3995.08
3995.09
3995.10
3995.11
3995.12
3995.13
3995.14
3995.15
3995.17
3995.18
3995.19
3995.20
3995.21
3995.22
3995.23
3995.24
3995.25
3995.26
3995.27
3995.28
3995.29
3995.30
3995.31
3995.32
3995.33
3995.34
3995.35
3995.36
3995.37
3995.38
3995.39
3995.40
3995.41
3995.42
3995.43
3995.44
3995.45
3995.46
3995.47
3995.48
3995.49
3995.50
3995.51
3995.52
3995.53
3995.54
3995.54
3995.55
3995.56
3995.57
3995.58
3995.59
3995.60
3995.61
3995.62
3995.63
3995.64
3995.65
3995.66
3995.67
3995.68
3995.69
3995.70
3995.70
3995.71
3995.72
3995.73
3995.74
3995.75
3995.76
3995.77
3995.78
3995.79
3995.80
3995.81
3995.81
3995.82
3995.83
3995.84
3995.85
3995.86
3995.87
3995.88
3995.89
3995.89
3995.90
3995.91
3995.92
3995.93
3995.94
3995.95
3995.96
3995.96
3995.97
3995.98
3995.99
3996.00
3996.01
3996.02
3996.03
3996.03
3996.04
3996.05
3996.06
3996.07
3996.08
3996.08
3996.09
3996.10
3996.11
3996.12
3996.13
3996.13
3996.14
3996.15
3996.16
3996.17
3996.18
3996.18
3996.19
3996.20
3996.21
3996.22
3996.23
3996.23
3996.24
3996.25
3996.26
3996.27
3996.27
3996.28
3996.29
3996.30
3996.31
3996.31
3996.32
3996.33
3996.34
3996.35
3996.35
3996.36
3996.37
3996.38
3996.38
3996.39
3996.40
3996.41
3996.42
3996.42
3996.43
3996.44
3996.45
3996.45
3996.46
3996.47
3996.48
3996.48
3996.49
3996.50
3996.51
3996.51
3996.52
3996.53
3996.54
3996.54
3996.55
3996.56
3996.57
3996.57
3996.58
3996.59
3996.60
3996.60
3996.61
3996.62
3996.63
3996.63
3996.64
3996.65
3996.65
3996.66
3996.67
3996.68
3996.68
3996.69
3996.70
3996.70
3996.71
3996.72
3996.73
3996.73
3996.74
3996.75
3996.75
3996.76
3996.77
3996.77
3996.78
3996.79
3996.80
3996.80
3996.81
3996.82
3996.82
3996.83
3996.84
3996.84
3996.85
3996.86
3996.86
3996.87
3996.88
3996.88
3996.89
3996.90
3996.90
3996.91
3996.92
3996.92
3996.93
3996.94
3996.94
3996.95
3996.96
3996.96
3996.97
3996.98
3996.98
3996.99
3997.00
3997.00
3997.01
3997.01
3997.02
3997.03
3997.03
3997.04
3997.05
3997.05
3997.06
3997.07
3997.07
3997.08
3997.08
3997.09
3997.10
3997.10
3997.11
3997.12
3997.12
3997.13
3997.13
3997.14
3997.15
3997.15
3997.16
3997.17
3997.17
3997.18
3997.18
3997.19
3997.20
3997.20
3997.21
3997.21
3997.22
3997.23
3997.23
3997.24
3997.24
3997.25
3997.26
3997.26
3997.27
3997.27
3997.28
3997.28
3997.29
3997.30
3997.30
3997.31
3997.31
3997.32
3997.33
3997.33
3997.34
3997.34
3997.35
3997.35
3997.36
3997.37
3997.37
3997.38
3997.38
3997.39
3997.39
3997.40
3997.40
3997.41
3997.42
3997.42
3997.43
3997.43
3997.44
3997.44
3997.45
3997.45
3997.46
3997.47
3997.47
3997.48
3997.48
3997.49
3997.49
3997.50
3997.50
3997.51
3997.51
3997.52
3997.52
3997.53
3997.54
3997.54
3997.55
3997.55
3997.56
3997.56
3997.57
3997.57
3997.58
3997.58
3997.59
3997.59
3997.60
3997.60
3997.61
3997.61
3997.62
3997.62
3997.63
3997.63
3997.64
3997.64
3997.65
3997.65
3997.66
3997.66
3997.67
3997.67
3997.68
3997.68
3997.69
3997.69
3997.70
3997.70
3997.71
3997.71
3997.72
3997.72
3997.73
3997.73
3997.74
3997.74
3997.75
3997.75
3997.76
3997.76
3997.77
3997.77
3997.78
3997.78
3997.79
3997.79
3997.80
3997.80
3997.81
3997.81
3997.82
3997.82
3997.82
3997.83
3997.83
3997.84
3997.84
3997.85
3997.85
3997.86
3997.86
3997.87
3997.87
3997.88
3997.88
3997.88
3997.89
3997.89
3997.90
3997.90
3997.91
3997.91
3997.92
3997.92
3997.93
3997.93
3997.93
3997.94
3997.94
3997.95
3997.95
3997.96
3997.96
3997.97
3997.97
3997.97
3997.98
3997.98
3997.99
3997.99
3998.00
3998.00
3998.00
3998.01
3998.01
3998.02
3998.02
3998.03
3998.03
3998.03
3998.04
3998.04
3998.05
3998.05
3998.06
3998.06
3998.06
3998.07
3998.07
3998.08
3998.08
3998.08
3998.09
3998.09
3998.10
3998.10
3998.10
3998.11
3998.11
3998.12
3998.12
3998.12
3998.13
3998.13
3998.14
3998.14
3998.14
3998.15
3998.15
3998.16
3998.16
3998.16
3998.17
3998.17
3998.18
3998.18
3998.18
3998.19
3998.19
3998.20
3998.20
3998.20
3998.21
3998.21
3998.22
3998.22
3998.22
3998.23
3998.23
3998.23
3998.24
3998.24
3998.25
3998.25
3998.25
3998.26
3998.26
3998.26
3998.27
3998.27
3998.28
3998.28
3998.28
3998.29
3998.29
3998.29
3998.30
3998.30
3998.31
3998.31
3998.31
3998.32
3998.32
3998.32
3998.33
3998.33
3998.33
3998.34
3998.34
3998.35
3998.35
3998.35
3998.36
3998.36
3998.36
3998.37
3998.37
3998.37
3998.38
3998.38
3998.38
3998.39
3998.39
3998.39
3998.40
3998.40
3998.40
3998.41
3998.41
3998.41
3998.42
3998.42
3998.42
3998.43
3998.43
3998.44
3998.44
3998.44
3998.45
3998.45
3998.45
3998.46
3998.46
3998.46
3998.47
3998.47
3998.47
3998.48
3998.48
3998.48
3998.48
3998.49
3998.49
3998.49
3998.50
3998.50
3998.50
3998.51
3998.51
3998.51
3998.52
3998.52
3998.52
3998.53
3998.53
3998.53
3998.54
3998.54
3998.54
3998.55
3998.55
3998.55
3998.55
3998.56
3998.56
3998.56
3998.57
3998.57
3998.57
3998.58
3998.58
3998.58
3998.59
3998.59
3998.59
3998.59
3998.60
3998.60
3998.60
3998.61
3998.61
3998.61
3998.62
3998.62
3998.62
3998.62
3998.63
3998.63
3998.63
3998.64
3998.64
3998.64
3998.65
3998.65
3998.65
3998.65
3998.66
3998.66
3998.66
3998.67
3998.67
3998.67
3998.67
3998.68
3998.68
3998.68
3998.69
3998.69
3998.69
3998.69
3998.70
3998.70
3998.70
3998.71
3998.71
3998.71
3998.71
3998.72
3998.72
3998.72
3998.72
3998.73
3998.73
3998.73
3998.74
3998.74
3998.74
3998.74
3998.75
3998.75
3998.75
3998.75
3998.76
3998.76
3998.76
3998.77
3998.77
3998.77
3998.77
3998.78
3998.78
3998.78
3998.78
3998.79
3998.79
3998.79
3998.79
3998.80
3998.80
3998.80
3998.80
3998.81
3998.81
3998.81
3998.81
3998.82
3998.82
3998.82
3998.82
3998.83
3998.83
3998.83
3998.83
3998.84
3998.84
3998.84
3998.84
3998.85
3998.85
3998.85
3998.85
3998.86
3998.86
3998.86
3998.86
3998.87
3998.87
3998.87
3998.87
3998.88
3998.88
3998.88
3998.88
3998.89
3998.89
3998.89
3998.89
3998.90
3998.90
3998.90
3998.90
3998.91
3998.91
3998.91
3998.91
3998.91
3998.92
3998.92
3998.92
3998.92
3998.93
3998.93
3998.93
3998.93
3998.94
3998.94
3998.94
3998.94
3998.94
3998.95
3998.95
3998.95
3998.95
3998.96
3998.96
3998.96
3998.96
3998.96
3998.97
3998.97
3998.97
3998.97
3998.98
3998.98
3998.98
3998.98
3998.98
3998.99
3998.99
3998.99
3998.99
3999.00
3999.00
3999.00
3999.00
3999.00
3999.01
3999.01
3999.01
3999.01
3999.01
3999.02
3999.02
3999.02
3999.02
3999.03
3999.03
3999.03
3999.03
3999.03
3999.04
3999.04
3999.04
3999.04
3999.04
3999.05
3999.05
3999.05
3999.05
3999.05
3999.06
3999.06
3999.06
3999.06
3999.06
3999.07
3999.07
3999.07
3999.07
3999.07
3999.08
3999.08
3999.08
3999.08
3999.08
3999.09
3999.09
3999.09
3999.09
3999.09
3999.10
3999.10
3999.10
3999.10
3999.10
3999.11
3999.11
3999.11
3999.11
3999.11
3999.12
3999.12
3999.12
3999.12
3999.12
3999.12
3999.13
3999.13
3999.13
3999.13
3999.13
3999.14
3999.14
3999.14
3999.14
3999.14
3999.15
3999.15
3999.15
3999.15
3999.15
3999.15
3999.16
3999.16
3999.16
3999.16
3999.16
3999.17
3999.17
3999.17
3999.17
3999.17
3999.17
3999.18
3999.18
3999.18
3999.18
3999.18
3999.18
3999.19
3999.19
3999.19
3999.19
3999.19
3999.20
3999.20
3999.20
3999.20
3999.20
3999.20
3999.21
3999.21
3999.21
3999.21
3999.21
3999.21
3999.22
3999.22
3999.22
3999.22
3999.22
3999.22
3999.23
3999.23
3999.23
3999.23
3999.23
3999.23
3999.24
3999.24
3999.24
3999.24
3999.24
3999.24
3999.25
3999.25
3999.25
3999.25
3999.25
3999.25
3999.26
3999.26
3999.26
3999.26
3999.26
3999.26
3999.26
3999.27
3999.27
3999.27
3999.27
3999.27
3999.27
3999.28
3999.28
3999.28
3999.28
3999.28
