-20.42
-20.75
-21.04
-21.31
-21.57
-21.83
-22.08
-22.32
-22.57
-22.81
-23.05
-23.29
-23.53
-23.76
-24.00
-24.23
-24.46
-24.70
-24.93
-25.16
-25.39
-25.62
-25.85
-26.08
-26.31
-26.53
-26.76
-26.99
-27.22
-27.44
-27.67
-27.90
-28.13
-28.35
-28.58
-28.81
-29.03
-29.26
-29.49
-29.71
-29.94
-30.17
-30.39
-30.62
-30.84
-31.07
-31.30
-31.52
-31.75
-31.98
-32.20
-32.43
-32.65
-32.88
-33.11
-33.33
-33.56
-33.78
-34.01
-34.24
-34.46
-34.69
-34.91
-35.14
-35.37
-35.59
-35.82
-36.05
-36.27
-36.50
-36.72
-36.95
-37.18
-37.40
-37.63
-37.85
-38.08
-38.31
-38.53
-38.76
-38.99
-39.21
-39.44
-39.66
-39.89
-40.12
-40.34
-40.57
-40.80
-41.02
-41.25
-41.47
-41.70
-41.93
-42.15
-42.38
-42.61
-42.83
-43.06
-43.29
-43.51
-43.74
-43.96
-44.19
-44.42
-44.64
-44.87
-45.10
-45.32
-45.55
-45.78
-46.00
-46.23
-46.46
-46.68
-46.91
-47.14
-47.36
-47.59
-47.82
-48.04
-48.27
-48.50
-48.72
-48.95
-49.18
-49.40
-49.63
-49.86
-50.08
-50.31
-50.54
-50.76
-50.99
-51.22
-51.44
-51.67
-51.90
-52.12
-52.35
-52.58
-52.80
-53.03
-53.26
-53.48
-53.71
-53.94
-54.17
-54.39
-54.62
-54.85
-55.07
-55.30
-55.53
-55.75
-55.98
-56.21
-56.44
-56.66
-56.89
-57.12
-57.34
-57.57
-57.80
-58.03
-58.25
-58.48
-58.71
-58.93
-59.16
-59.39
-59.62
-59.84
-60.07
-60.30
-60.52
-60.75
-60.98
-61.21
-61.43
-61.66
-61.89
-62.12
-62.34
-62.57
-62.80
-63.03
-63.25
-63.48
-63.71
-63.94
-64.16
-64.39
-64.62
-64.85
-65.07
-65.30
-65.53
-65.76
-65.98
-66.21
-66.44
-66.67
-66.89
-67.12
-67.35
-67.58
-67.80
-68.03
-68.26
-68.49
-68.72
-68.94
-69.17
-69.40
-69.63
-69.85
-70.08
-70.31
-70.54
-70.77
-70.99
-71.22
-71.45
-71.68
-71.91
-72.13
-72.36
-72.59
-72.82
-73.05
-73.27
-73.50
-73.73
-73.96
-74.19
-74.41
-74.64
-74.87
-75.10
-75.33
-75.55
-75.78
-76.01
-76.24
-76.47
-76.69
-76.92
-77.15
-77.38
-77.61
-77.84
-78.06
-78.29
-78.52
-78.75
-78.98
-79.21
-79.43
-79.66
-79.89
-80.12
-80.35
-80.58
-80.80
-81.03
-81.26
-81.49
-81.72
-81.95
-82.17
-82.40
-82.63
-82.86
-83.09
-83.32
-83.55
-83.77
-84.00
-84.23
-84.46
-84.69
-84.92
-85.15
-85.38
-85.60
-85.83
-86.06
-86.29
-86.52
-86.75
-86.98
-87.21
-87.43
-87.66
-87.89
-88.12
-88.35
-88.58
-88.81
-89.04
-89.26
-89.49
-89.72
-89.95
-90.18
-90.41
-90.64
-90.87
-91.10
-91.33
-91.55
-91.78
-92.01
-92.24
-92.47
-92.70
-92.93
-93.16
-93.39
-93.62
-93.85
-94.07
-94.30
-94.53
-94.76
-94.99
-95.22
-95.45
-95.68
-95.91
-96.14
-96.37
-96.60
-96.83
-97.05
-97.28
-97.51
-97.74
-97.97
-98.20
-98.43
-98.66
-98.89
-99.12
-99.35
-99.58
-99.81
-100.04
-100.27
-100.50
-100.73
-100.96
-101.18
-101.41
-101.64
-101.87
-102.10
-102.33
-102.56
-102.79
-103.02
-103.25
-103.48
-103.71
-103.94
-104.17
-104.40
-104.63
-104.86
-105.09
-105.32
-105.55
-105.78
-106.01
-106.24
-106.47
-106.70
-106.93
-107.16
-107.39
-107.62
-107.85
-108.08
-108.31
-108.54
-108.77
-109.00
-109.23
-109.46
-109.69
-109.92
-110.15
-110.38
-110.61
-110.84
-111.07
-111.30
-111.53
-111.76
-111.99
-112.22
-112.45
-112.68
-112.91
-113.14
-113.37
-113.60
-113.83
-114.06
-114.29
-114.52
-114.75
-114.98
-115.21
-115.44
-115.67
-115.90
-116.13
-116.36
-116.59
-116.82
-117.06
-117.29
-117.52
-117.75
-117.98
-118.21
-118.44
-118.67
-118.90
-119.13
-119.36
-119.59
-119.82
-120.05
-120.28
-120.51
-120.74
-120.98
-121.21
-121.44
-121.67
-121.90
-122.13
-122.36
-122.59
-122.82
-123.05
-123.28
-123.51
-123.74
-123.97
-124.21
-124.44
-124.67
-124.90
-125.13
-125.36
-125.59
-125.82
-126.05
-126.28
-126.51
-126.75
-126.98
-127.21
-127.44
-127.67
-127.90
-128.13
-128.36
-128.59
-128.83
-129.06
-129.29
-129.52
-129.75
-129.98
-130.21
-130.44
-130.67
-130.91
-131.14
-131.37
-131.60
-131.83
-132.06
-132.29
-132.52
-132.76
-132.99
-133.22
-133.45
-133.68
-133.91
-134.14
-134.38
-134.61
-134.84
-135.07
-135.30
-135.53
-135.76
-136.00
-136.23
-136.46
-136.69
-136.92
-137.15
-137.39
-137.62
-137.85
-138.08
-138.31
-138.54
-138.78
-139.01
-139.24
-139.47
-139.70
-139.93
-140.17
-140.40
-140.63
-140.86
-141.09
-141.32
-141.56
-141.79
-142.02
-142.25
-142.48
-142.72
-142.95
-143.18
-143.41
-143.64
-143.88
-144.11
-144.34
-144.57
-144.80
-145.04
-145.27
-145.50
-145.73
-145.96
-146.20
-146.43
-146.66
-146.89
-147.12
-147.36
-147.59
-147.82
-148.05
-148.28
-148.52
-148.75
-148.98
-149.21
-149.45
-149.68
-149.91
-150.14
-150.37
-150.61
-150.84
-151.07
-151.30
-151.54
-151.77
-152.00
-152.23
-152.47
-152.70
-152.93
-153.16
-153.40
-153.63
-153.86
-154.09
-154.33
-154.56
-154.79
-155.02
-155.26
-155.49
-155.72
-155.95
-156.19
-156.42
-156.65
-156.88
-157.12
-157.35
-157.58
-157.82
-158.05
-158.28
-158.51
-158.75
-158.98
-159.21
-159.45
-159.68
-159.91
-160.14
-160.38
-160.61
-160.84
-161.08
-161.31
-161.54
-161.77
-162.01
-162.24
-162.47
-162.71
-162.94
-163.17
-163.41
-163.64
-163.87
-164.10
-164.34
-164.57
-164.80
-165.04
-165.27
-165.50
-165.74
-165.97
-166.20
-166.44
-166.67
-166.90
-167.14
-167.37
-167.60
-167.84
-168.07
-168.30
-168.54
-168.77
-169.00
-169.24
-169.47
-169.70
-169.94
-170.17
-170.40
-170.64
-170.87
-171.10
-171.34
-171.57
-171.80
-172.04
-172.27
-172.50
-172.74
-172.97
-173.20
-173.44
-173.67
-173.91
-174.14
-174.37
-174.61
-174.84
-175.07
-175.31
-175.54
-175.78
-176.01
-176.24
-176.48
-176.71
-176.94
-177.18
-177.41
-177.65
-177.88
-178.11
-178.35
-178.58
-178.81
-179.05
-179.28
-179.52
-179.75
-179.98
-180.22
-180.45
-180.69
-180.92
-181.15
-181.39
-181.62
-181.86
-182.09
-182.33
-182.56
-182.79
-183.03
-183.26
-183.50
-183.73
-183.96
-184.20
-184.43
-184.67
-184.90
-185.14
-185.37
-185.60
-185.84
-186.07
-186.31
-186.54
-186.78
-187.01
-187.24
-187.48
-187.71
-187.95
-188.18
-188.42
-188.65
-188.89
-189.12
-189.35
-189.59
-189.82
-190.06
-190.29
-190.53
-190.76
-191.00
-191.23
-191.47
-191.70
-191.93
-192.17
-192.40
-192.64
-192.87
-193.11
-193.34
-193.58
-193.81
-194.05
-194.28
-194.52
-194.75
-194.99
-195.22
-195.46
-195.69
-195.93
-196.16
-196.40
-196.63
-196.86
-197.10
-197.33
-197.57
-197.80
-198.04
-198.27
-198.51
-198.74
-198.98
-199.21
-199.45
-199.68
-199.92
-200.16
-200.39
-200.63
-200.86
-201.10
-201.33
-201.57
-201.80
-202.04
-202.27
-202.51
-202.74
-202.98
-203.21
-203.45
-203.68
-203.92
-204.15
-204.39
-204.62
-204.86
-205.10
-205.33
-205.57
-205.80
-206.04
-206.27
-206.51
-206.74
-206.98
-207.21
-207.45
-207.69
-207.92
-208.16
-208.39
-208.63
-208.86
-209.10
-209.33
-209.57
-209.81
-210.04
-210.28
-210.51
-210.75
-210.98
-211.22
-211.46
-211.69
-211.93
-212.16
-212.40
-212.63
-212.87
-213.11
-213.34
-213.58
-213.81
-214.05
-214.29
-214.52
-214.76
-214.99
-215.23
-215.46
-215.70
-215.94
-216.17
-216.41
-216.64
-216.88
-217.12
-217.35
-217.59
-217.83
-218.06
-218.30
-218.53
-218.77
-219.01
-219.24
-219.48
-219.71
-219.95
-220.19
-220.42
-220.66
-220.90
-221.13
-221.37
-221.60
-221.84
-222.08
-222.31
-222.55
-222.79
-223.02
-223.26
-223.50
-223.73
-223.97
-224.20
-224.44
-224.68
-224.91
-225.15
-225.39
-225.62
-225.86
-226.10
-226.33
-226.57
-226.81
-227.04
-227.28
-227.52
-227.75
-227.99
-228.23
-228.46
-228.70
-228.94
-229.17
-229.41
-229.65
-229.88
-230.12
-230.36
-230.59
-230.83
-231.07
-231.30
-231.54
-231.78
-232.01
-232.25
-232.49
-232.73
-232.96
-233.20
-233.44
-233.67
-233.91
-234.15
-234.38
-234.62
-234.86
-235.10
-235.33
-235.57
-235.81
-236.04
-236.28
-236.52
-236.76
-236.99
-237.23
-237.47
-237.70
-237.94
-238.18
-238.42
-238.65
-238.89
-239.13
-239.36
-239.60
-239.84
-240.08
-240.31
-240.55
-240.79
-241.03
-241.26
-241.50
-241.74
-241.98
-242.21
-242.45
-242.69
-242.93
-243.16
-243.40
-243.64
-243.88
-244.11
-244.35
-244.59
-244.83
-245.06
-245.30
-245.54
-245.78
-246.01
-246.25
-246.49
-246.73
-246.96
-247.20
-247.44
-247.68
-247.92
-248.15
-248.39
-248.63
-248.87
-249.11
-249.34
-249.58
-249.82
-250.06
-250.29
-250.53
-250.77
-251.01
-251.25
-251.48
-251.72
-251.96
-252.20
-252.44
-252.67
-252.91
-253.15
-253.39
-253.63
-253.86
-254.10
-254.34
-254.58
-254.82
-255.06
-255.29
-255.53
-255.77
-256.01
-256.25
-256.48
-256.72
-256.96
-257.20
-257.44
-257.68
-257.91
-258.15
-258.39
-258.63
-258.87
-259.11
-259.34
-259.58
-259.82
-260.06
-260.30
-260.54
-260.78
-261.01
-261.25
-261.49
-261.73
-261.97
-262.21
-262.45
-262.68
-262.92
-263.16
-263.40
-263.64
-263.88
-264.12
-264.35
-264.59
-264.83
-265.07
-265.31
-265.55
-265.79
-266.03
-266.26
-266.50
-266.74
-266.98
-267.22
-267.46
-267.70
-267.94
-268.18
-268.41
-268.65
-268.89
-269.13
-269.37
-269.61
-269.85
-270.09
-270.33
-270.57
-270.80
-271.04
-271.28
-271.52
-271.76
-272.00
-272.24
-272.48
-272.72
-272.96
-273.20
-273.43
-273.67
-273.91
-274.15
-274.39
-274.63
-274.87
-275.11
-275.35
-275.59
-275.83
-276.07
-276.31
-276.55
-276.78
-277.02
-277.26
-277.50
-277.74
-277.98
-278.22
-278.46
-278.70
-278.94
-279.18
-279.42
-279.66
-279.90
-280.14
-280.38
-280.62
-280.86
-281.10
-281.34
-281.58
-281.82
-282.05
-282.29
-282.53
-282.77
-283.01
-283.25
-283.49
-283.73
-283.97
-284.21
-284.45
-284.69
-284.93
-285.17
-285.41
-285.65
-285.89
-286.13
-286.37
-286.61
-286.85
-287.09
-287.33
-287.57
-287.81
-288.05
-288.29
-288.53
-288.77
-289.01
-289.25
-289.49
-289.73
-289.97
-290.21
-290.45
-290.69
-290.93
-291.17
-291.41
-291.65
-291.89
-292.13
-292.37
-292.61
-292.85
-293.09
-293.34
-293.58
-293.82
-294.06
-294.30
-294.54
-294.78
-295.02
-295.26
-295.50
-295.74
-295.98
-296.22
-296.46
-296.70
-296.94
-297.18
-297.42
-297.66
-297.90
-298.14
-298.38
-298.63
-298.87
-299.11
-299.35
-299.59
-299.83
-300.07
-300.31
-300.55
-300.79
-301.03
-301.27
-301.51
-301.75
-302.00
-302.24
-302.48
-302.72
-302.96
-303.20
-303.44
-303.68
-303.92
-304.16
-304.40
-304.65
-304.89
-305.13
-305.37
-305.61
-305.85
-306.09
-306.33
-306.57
-306.81
-307.06
-307.30
-307.54
-307.78
-308.02
-308.26
-308.50
-308.74
-308.98
-309.23
-309.47
-309.71
-309.95
-310.19
-310.43
-310.67
-310.91
-311.16
-311.40
-311.64
-311.88
-312.12
-312.36
-312.60
-312.85
-313.09
-313.33
-313.57
-313.81
-314.05
-314.29
-314.54
-314.78
-315.02
-315.26
-315.50
-315.74
-315.98
-316.23
-316.47
-316.71
-316.95
-317.19
-317.43
-317.68
-317.92
-318.16
-318.40
-318.64
-318.88
-319.13
-319.37
-319.61
-319.85
-320.09
-320.34
-320.58
-320.82
-321.06
-321.30
-321.55
-321.79
-322.03
-322.27
-322.51
-322.75
-323.00
-323.24
-323.48
-323.72
-323.96
-324.21
-324.45
-324.69
-324.93
-325.18
-325.42
-325.66
-325.90
-326.14
-326.39
-326.63
-326.87
-327.11
-327.35
-327.60
-327.84
-328.08
-328.32
-328.57
-328.81
-329.05
-329.29
-329.54
-329.78
-330.02
-330.26
-330.50
-330.75
-330.99
-331.23
-331.47
-331.72
-331.96
-332.20
-332.44
-332.69
-332.93
-333.17
-333.41
-333.66
-333.90
-334.14
-334.38
-334.63
-334.87
-335.11
-335.36
-335.60
-335.84
-336.08
-336.33
-336.57
-336.81
-337.05
-337.30
-337.54
-337.78
-338.03
-338.27
-338.51
-338.75
-339.00
-339.24
-339.48
-339.73
-339.97
-340.21
-340.45
-340.70
-340.94
-341.18
-341.43
-341.67
-341.91
-342.16
-342.40
-342.64
-342.88
-343.13
-343.37
-343.61
-343.86
-344.10
-344.34
-344.59
-344.83
-345.07
-345.32
-345.56
-345.80
-346.05
-346.29
-346.53
-346.78
-347.02
-347.26
-347.51
-347.75
-347.99
-348.24
-348.48
-348.72
-348.97
-349.21
-349.45
-349.70
-349.94
-350.18
-350.43
-350.67
-350.91
-351.16
-351.40
-351.65
-351.89
-352.13
-352.38
-352.62
-352.86
-353.11
-353.35
-353.59
-353.84
-354.08
-354.33
-354.57
-354.81
-355.06
-355.30
-355.54
-355.79
-356.03
-356.28
-356.52
-356.76
-357.01
-357.25
-357.49
-357.74
-357.98
-358.23
-358.47
-358.71
-358.96
-359.20
-359.45
-359.69
-359.93
-360.18
-360.42
-360.67
-360.91
-361.16
-361.40
-361.64
-361.89
-362.13
-362.38
-362.62
-362.86
-363.11
-363.35
-363.60
-363.84
-364.09
-364.33
-364.57
-364.82
-365.06
-365.31
-365.55
-365.80
-366.04
-366.28
-366.53
-366.77
-367.02
-367.26
-367.51
-367.75
-368.00
-368.24
-368.48
-368.73
-368.97
-369.22
-369.46
-369.71
-369.95
-370.20
-370.44
-370.69
-370.93
-371.18
-371.42
-371.66
-371.91
-372.15
-372.40
-372.64
-372.89
-373.13
-373.38
-373.62
-373.87
-374.11
-374.36
-374.60
-374.85
-375.09
-375.34
-375.58
-375.83
-376.07
-376.32
-376.56
-376.81
-377.05
-377.30
-377.54
-377.79
-378.03
-378.28
-378.52
-378.77
-379.01
-379.26
-379.50
-379.75
-379.99
-380.24
-380.48
-380.73
-380.97
-381.22
-381.46
-381.71
-381.95
-382.20
-382.45
-382.69
-382.94
-383.18
-383.43
-383.67
-383.92
-384.16
-384.41
-384.65
-384.90
-385.14
-385.39
-385.64
-385.88
-386.13
-386.37
-386.62
-386.86
-387.11
-387.35
-387.60
-387.85
-388.09
-388.34
-388.58
-388.83
-389.07
-389.32
-389.57
-389.81
-390.06
-390.30
-390.55
-390.79
-391.04
-391.29
-391.53
-391.78
-392.02
-392.27
-392.51
-392.76
-393.01
-393.25
-393.50
-393.74
-393.99
-394.24
-394.48
-394.73
-394.97
-395.22
-395.47
-395.71
-395.96
-396.20
-396.45
-396.70
-396.94
-397.19
-397.43
-397.68
-397.93
-398.17
-398.42
-398.67
-398.91
-399.16
-399.40
-399.65
-399.90
-400.14
-400.39
-400.64
-400.88
-401.13
-401.37
-401.62
-401.87
-402.11
-402.36
-402.61
-402.85
-403.10
-403.35
-403.59
-403.84
-404.09
-404.33
-404.58
-404.83
-405.07
-405.32
-405.57
-405.81
-406.06
-406.31
-406.55
-406.80
-407.05
-407.29
-407.54
-407.79
-408.03
-408.28
-408.53
-408.77
-409.02
-409.27
-409.51
-409.76
-410.01
-410.25
-410.50
-410.75
-410.99
-411.24
-411.49
-411.73
-411.98
-412.23
-412.48
-412.72
-412.97
-413.22
-413.46
-413.71
-413.96
-414.20
-414.45
-414.70
-414.95
-415.19
-415.44
-415.69
-415.93
-416.18
-416.43
-416.68
-416.92
-417.17
-417.42
-417.67
-417.91
-418.16
-418.41
-418.65
-418.90
-419.15
-419.40
-419.64
-419.89
-420.14
-420.39
-420.63
-420.88
-421.13
-421.38
-421.62
-421.87
-422.12
-422.37
-422.61
-422.86
-423.11
-423.36
-423.60
-423.85
-424.10
-424.35
-424.59
-424.84
-425.09
-425.34
-425.59
-425.83
-426.08
-426.33
-426.58
-426.82
-427.07
-427.32
-427.57
-427.82
-428.06
-428.31
-428.56
-428.81
-429.05
-429.30
-429.55
-429.80
-430.05
-430.29
-430.54
-430.79
-431.04
-431.29
-431.53
-431.78
-432.03
-432.28
-432.53
-432.78
-433.02
-433.27
-433.52
-433.77
-434.02
-434.26
-434.51
-434.76
-435.01
-435.26
-435.51
-435.75
-436.00
-436.25
-436.50
-436.75
-437.00
-437.24
-437.49
-437.74
-437.99
-438.24
-438.49
-438.73
-438.98
-439.23
-439.48
-439.73
-439.98
-440.23
-440.47
-440.72
-440.97
-441.22
-441.47
-441.72
-441.97
-442.21
-442.46
-442.71
-442.96
-443.21
-443.46
-443.71
-443.96
-444.20
-444.45
-444.70
-444.95
-445.20
-445.45
-445.70
-445.95
-446.19
-446.44
-446.69
-446.94
-447.19
-447.44
-447.69
-447.94
-448.19
-448.43
-448.68
-448.93
-449.18
-449.43
-449.68
-449.93
-450.18
-450.43
-450.68
-450.93
-451.17
-451.42
-451.67
-451.92
-452.17
-452.42
-452.67
-452.92
-453.17
-453.42
-453.67
-453.92
-454.17
-454.41
-454.66
-454.91
-455.16
-455.41
-455.66
-455.91
-456.16
-456.41
-456.66
-456.91
-457.16
-457.41
-457.66
-457.91
-458.16
-458.41
-458.66
-458.91
-459.15
-459.40
-459.65
-459.90
-460.15
-460.40
-460.65
-460.90
-461.15
-461.40
-461.65
-461.90
-462.15
-462.40
-462.65
-462.90
-463.15
-463.40
-463.65
-463.90
-464.15
-464.40
-464.65
-464.90
-465.15
-465.40
-465.65
-465.90
-466.15
-466.40
-466.65
-466.90
-467.15
-467.40
-467.65
-467.90
-468.15
-468.40
-468.65
-468.90
-469.15
-469.40
-469.65
-469.90
-470.15
-470.40
-470.65
-470.90
-471.15
-471.40
-471.65
-471.90
-472.15
-472.40
-472.65
-472.90
-473.15
-473.40
-473.66
-473.91
-474.16
-474.41
-474.66
-474.91
-475.16
-475.41
-475.66
-475.91
-476.16
-476.41
-476.66
-476.91
-477.16
-477.41
-477.66
-477.91
-478.17
-478.42
-478.67
-478.92
-479.17
-479.42
-479.67
-479.92
-480.17
-480.42
-480.67
-480.92
-481.17
-481.42
-481.68
-481.93
-482.18
-482.43
-482.68
-482.93
-483.18
-483.43
-483.68
-483.93
-484.19
-484.44
-484.69
-484.94
-485.19
-485.44
-485.69
-485.94
-486.19
-486.44
-486.70
-486.95
-487.20
-487.45
-487.70
-487.95
-488.20
-488.45
-488.71
-488.96
-489.21
-489.46
-489.71
-489.96
-490.21
-490.46
-490.72
-490.97
-491.22
-491.47
-491.72
-491.97
-492.22
-492.48
-492.73
-492.98
-493.23
-493.48
-493.73
-493.99
-494.24
-494.49
-494.74
-494.99
-495.24
-495.49
-495.75
-496.00
-496.25
-496.50
-496.75
-497.00
-497.26
-497.51
-497.76
-498.01
-498.26
-498.52
-498.77
-499.02
-499.27
-499.52
-499.77
-500.03
-500.28
-500.53
-500.78
-501.03
-501.29
-501.54
-501.79
-502.04
-502.29
-502.55
-502.80
-503.05
-503.30
-503.55
-503.81
-504.06
-504.31
-504.56
-504.81
-505.07
-505.32
-505.57
-505.82
-506.08
-506.33
-506.58
-506.83
-507.08
-507.34
-507.59
-507.84
-508.09
-508.35
-508.60
-508.85
-509.10
-509.36
-509.61
-509.86
-510.11
-510.37
-510.62
-510.87
-511.12
-511.38
-511.63
-511.88
-512.13
-512.39
-512.64
-512.89
-513.14
-513.40
-513.65
-513.90
-514.15
-514.41
-514.66
-514.91
-515.17
-515.42
-515.67
-515.92
-516.18
-516.43
-516.68
-516.93
-517.19
-517.44
-517.69
-517.95
-518.20
-518.45
-518.70
-518.96
-519.21
-519.46
-519.72
-519.97
-520.22
-520.48
-520.73
-520.98
-521.24
-521.49
-521.74
-521.99
-522.25
-522.50
-522.75
-523.01
-523.26
-523.51
-523.77
-524.02
-524.27
-524.53
-524.78
-525.03
-525.29
-525.54
-525.79
-526.05
-526.30
-526.55
-526.81
-527.06
-527.31
-527.57
-527.82
-528.07
-528.33
-528.58
-528.83
-529.09
-529.34
-529.59
-529.85
-530.10
-530.36
-530.61
-530.86
-531.12
-531.37
-531.62
-531.88
-532.13
-532.38
-532.64
-532.89
-533.15
-533.40
-533.65
-533.91
-534.16
-534.41
-534.67
-534.92
-535.18
-535.43
-535.68
-535.94
-536.19
-536.45
-536.70
-536.95
-537.21
-537.46
-537.72
-537.97
-538.22
-538.48
-538.73
-538.99
-539.24
-539.49
-539.75
-540.00
-540.26
-540.51
-540.76
-541.02
-541.27
-541.53
-541.78
-542.04
-542.29
-542.54
-542.80
-543.05
-543.31
-543.56
-543.82
-544.07
-544.32
-544.58
-544.83
-545.09
-545.34
-545.60
-545.85
-546.10
-546.36
-546.61
-546.87
-547.12
-547.38
-547.63
-547.89
-548.14
-548.40
-548.65
-548.90
-549.16
-549.41
-549.67
-549.92
-550.18
-550.43
-550.69
-550.94
-551.20
-551.45
-551.71
-551.96
-552.22
-552.47
-552.73
-552.98
-553.24
-553.49
-553.75
-554.00
-554.26
-554.51
-554.77
-555.02
-555.28
-555.53
-555.79
-556.04
-556.30
-556.55
-556.81
-557.06
-557.32
-557.57
-557.83
-558.08
-558.34
-558.59
-558.85
-559.10
-559.36
-559.61
-559.87
-560.12
-560.38
-560.63
-560.89
-561.14
-561.40
-561.65
-561.91
-562.16
-562.42
-562.68
-562.93
-563.19
-563.44
-563.70
-563.95
-564.21
-564.46
-564.72
-564.97
-565.23
-565.49
-565.74
-566.00
-566.25
-566.51
-566.76
-567.02
-567.28
-567.53
-567.79
-568.04
-568.30
-568.55
-568.81
-569.06
-569.32
-569.58
-569.83
-570.09
-570.34
-570.60
-570.86
-571.11
-571.37
-571.62
-571.88
-572.14
-572.39
-572.65
-572.90
-573.16
-573.41
-573.67
-573.93
-574.18
-574.44
-574.70
-574.95
-575.21
-575.46
-575.72
-575.98
-576.23
-576.49
-576.74
-577.00
-577.26
-577.51
-577.77
-578.03
-578.28
-578.54
-578.79
-579.05
-579.31
-579.56
-579.82
-580.08
-580.33
-580.59
-580.84
-581.10
-581.36
-581.61
-581.87
-582.13
-582.38
-582.64
-582.90
-583.15
-583.41
-583.67
-583.92
-584.18
-584.44
-584.69
-584.95
-585.21
-585.46
-585.72
-585.98
-586.23
-586.49
-586.75
-587.00
-587.26
-587.52
-587.77
-588.03
-588.29
-588.54
-588.80
-589.06
-589.31
-589.57
-589.83
-590.09
-590.34
-590.60
-590.86
-591.11
-591.37
-591.63
-591.88
-592.14
-592.40
-592.66
-592.91
-593.17
-593.43
-593.68
-593.94
-594.20
-594.46
-594.71
-594.97
-595.23
-595.48
-595.74
-596.00
-596.26
-596.51
-596.77
-597.03
-597.28
-597.54
-597.80
-598.06
-598.31
-598.57
-598.83
-599.09
-599.34
-599.60
-599.86
-600.12
-600.37
-600.63
-600.89
-601.15
-601.40
-601.66
-601.92
-602.18
-602.43
-602.69
-602.95
-603.21
-603.47
-603.72
-603.98
-604.24
-604.50
-604.75
-605.01
-605.27
-605.53
-605.78
-606.04
-606.30
-606.56
-606.82
-607.07
-607.33
-607.59
-607.85
-608.11
-608.36
-608.62
-608.88
-609.14
-609.40
-609.65
-609.91
-610.17
-610.43
-610.69
-610.94
-611.20
-611.46
-611.72
-611.98
-612.23
-612.49
-612.75
-613.01
-613.27
-613.53
-613.78
-614.04
-614.30
-614.56
-614.82
-615.08
-615.33
-615.59
-615.85
-616.11
-616.37
-616.63
-616.88
-617.14
-617.40
-617.66
-617.92
-618.18
-618.43
-618.69
-618.95
-619.21
-619.47
-619.73
-619.99
-620.24
-620.50
-620.76
-621.02
-621.28
-621.54
-621.80
-622.06
-622.31
-622.57
-622.83
-623.09
-623.35
-623.61
-623.87
-624.13
-624.38
-624.64
-624.90
-625.16
-625.42
-625.68
-625.94
-626.20
-626.46
-626.71
-626.97
-627.23
-627.49
-627.75
-628.01
-628.27
-628.53
-628.79
-629.05
-629.31
-629.56
-629.82
-630.08
-630.34
-630.60
-630.86
-631.12
-631.38
-631.64
-631.90
-632.16
-632.42
-632.68
-632.93
-633.19
-633.45
-633.71
-633.97
-634.23
-634.49
-634.75
-635.01
-635.27
-635.53
-635.79
-636.05
-636.31
-636.57
-636.83
-637.09
-637.35
-637.60
-637.86
-638.12
-638.38
-638.64
-638.90
-639.16
-639.42
-639.68
-639.94
-640.20
-640.46
-640.72
-640.98
-641.24
-641.50
-641.76
-642.02
-642.28
-642.54
-642.80
-643.06
-643.32
-643.58
-643.84
-644.10
-644.36
-644.62
-644.88
-645.14
-645.40
-645.66
-645.92
-646.18
-646.44
-646.70
-646.96
-647.22
-647.48
-647.74
-648.00
-648.26
-648.52
-648.78
-649.04
-649.30
-649.56
-649.82
-650.08
-650.34
-650.60
-650.86
-651.12
-651.38
-651.64
-651.90
-652.16
-652.43
-652.69
-652.95
-653.21
-653.47
-653.73
-653.99
-654.25
-654.51
-654.77
-655.03
-655.29
-655.55
-655.81
-656.07
-656.33
-656.59
-656.85
-657.12
-657.38
-657.64
-657.90
-658.16
-658.42
-658.68
-658.94
-659.20
-659.46
-659.72
-659.98
-660.24
-660.51
-660.77
-661.03
-661.29
-661.55
-661.81
-662.07
-662.33
-662.59
-662.85
-663.11
-663.38
-663.64
-663.90
-664.16
-664.42
-664.68
-664.94
-665.20
-665.46
-665.73
-665.99
-666.25
-666.51
-666.77
-667.03
-667.29
-667.55
-667.82
-668.08
-668.34
-668.60
-668.86
-669.12
-669.38
-669.64
-669.91
-670.17
-670.43
-670.69
-670.95
-671.21
-671.48
-671.74
-672.00
-672.26
-672.52
-672.78
-673.04
-673.31
-673.57
-673.83
-674.09
-674.35
-674.61
-674.88
-675.14
-675.40
-675.66
-675.92
-676.18
-676.45
-676.71
-676.97
-677.23
-677.49
-677.75
-678.02
-678.28
-678.54
-678.80
-679.06
-679.33
-679.59
-679.85
-680.11
-680.37
-680.64
-680.90
-681.16
-681.42
-681.68
-681.95
-682.21
-682.47
-682.73
-682.99
-683.26
-683.52
-683.78
-684.04
-684.31
-684.57
-684.83
-685.09
-685.35
-685.62
-685.88
-686.14
-686.40
-686.67
-686.93
-687.19
-687.45
-687.72
-687.98
-688.24
-688.50
-688.77
-689.03
-689.29
-689.55
-689.82
-690.08
-690.34
-690.60
-690.87
-691.13
-691.39
-691.65
-691.92
-692.18
-692.44
-692.70
-692.97
-693.23
-693.49
-693.75
-694.02
-694.28
-694.54
-694.81
-695.07
-695.33
-695.59
-695.86
-696.12
-696.38
-696.65
-696.91
-697.17
-697.43
-697.70
-697.96
-698.22
-698.49
-698.75
-699.01
-699.28
-699.54
-699.80
-700.06
-700.33
-700.59
-700.85
-701.12
-701.38
-701.64
-701.91
-702.17
-702.43
-702.70
-702.96
-703.22
-703.49
-703.75
-704.01
-704.28
-704.54
-704.80
-705.07
-705.33
-705.59
-705.86
-706.12
-706.38
-706.65
-706.91
-707.17
-707.44
-707.70
-707.96
-708.23
-708.49
-708.75
-709.02
-709.28
-709.55
-709.81
-710.07
-710.34
-710.60
-710.86
-711.13
-711.39
-711.65
-711.92
-712.18
-712.45
-712.71
-712.97
-713.24
-713.50
-713.76
-714.03
-714.29
-714.56
-714.82
-715.08
-715.35
-715.61
-715.88
-716.14
-716.40
-716.67
-716.93
-717.20
-717.46
-717.72
-717.99
-718.25
-718.52
-718.78
-719.04
-719.31
-719.57
-719.84
-720.10
-720.37
-720.63
-720.89
-721.16
-721.42
-721.69
-721.95
-722.22
-722.48
-722.74
-723.01
-723.27
-723.54
-723.80
-724.07
-724.33
-724.60
-724.86
-725.12
-725.39
-725.65
-725.92
-726.18
-726.45
-726.71
-726.98
-727.24
-727.51
-727.77
-728.03
-728.30
-728.56
-728.83
-729.09
-729.36
-729.62
-729.89
-730.15
-730.42
-730.68
-730.95
-731.21
-731.48
-731.74
-732.01
-732.27
-732.54
-732.80
-733.07
-733.33
-733.60
-733.86
-734.13
-734.39
-734.66
-734.92
-735.19
-735.45
-735.72
-735.98
-736.25
-736.51
-736.78
-737.04
-737.31
-737.57
-737.84
-738.10
-738.37
-738.63
-738.90
-739.16
-739.43
-739.69
-739.96
-740.22
-740.49
-740.76
-741.02
-741.29
-741.55
-741.82
-742.08
-742.35
-742.61
-742.88
-743.14
-743.41
-743.68
-743.94
-744.21
-744.47
-744.74
-745.00
-745.27
-745.53
-745.80
-746.07
-746.33
-746.60
-746.86
-747.13
-747.39
-747.66
-747.93
-748.19
-748.46
-748.72
-748.99
-749.25
-749.52
-749.79
-750.05
-750.32
-750.58
-750.85
-751.12
-751.38
-751.65
-751.91
-752.18
-752.45
-752.71
-752.98
-753.24
-753.51
-753.78
-754.04
-754.31
-754.57
-754.84
-755.11
-755.37
-755.64
-755.91
-756.17
-756.44
-756.70
-756.97
-757.24
-757.50
-757.77
-758.04
-758.30
-758.57
-758.83
-759.10
-759.37
-759.63
-759.90
-760.17
-760.43
-760.70
-760.97
-761.23
-761.50
-761.77
-762.03
-762.30
-762.57
-762.83
-763.10
-763.36
-763.63
-763.90
-764.16
-764.43
-764.70
-764.97
-765.23
-765.50
-765.77
-766.03
-766.30
-766.57
-766.83
-767.10
-767.37
-767.63
-767.90
-768.17
-768.43
-768.70
-768.97
-769.23
-769.50
-769.77
-770.04
-770.30
-770.57
-770.84
-771.10
-771.37
-771.64
-771.90
-772.17
-772.44
-772.71
-772.97
-773.24
-773.51
-773.77
-774.04
-774.31
-774.58
-774.84
-775.11
-775.38
-775.65
-775.91
-776.18
-776.45
-776.72
-776.98
-777.25
-777.52
-777.78
-778.05
-778.32
-778.59
-778.85
-779.12
-779.39
-779.66
-779.92
-780.19
-780.46
-780.73
-781.00
-781.26
-781.53
-781.80
-782.07
-782.33
-782.60
-782.87
-783.14
-783.40
-783.67
-783.94
-784.21
-784.48
-784.74
-785.01
-785.28
-785.55
-785.81
-786.08
-786.35
-786.62
-786.89
-787.15
-787.42
-787.69
-787.96
-788.23
-788.49
-788.76
-789.03
-789.30
-789.57
-789.83
-790.10
-790.37
-790.64
-790.91
-791.18
-791.44
-791.71
-791.98
-792.25
-792.52
-792.78
-793.05
-793.32
-793.59
-793.86
-794.13
-794.39
-794.66
-794.93
-795.20
-795.47
-795.74
-796.01
-796.27
-796.54
-796.81
-797.08
-797.35
-797.62
-797.88
-798.15
-798.42
-798.69
-798.96
-799.23
-799.50
-799.77
-800.03
-800.30
-800.57
-800.84
-801.11
-801.38
-801.65
-801.92
-802.18
-802.45
-802.72
-802.99
-803.26
-803.53
-803.80
-804.07
-804.33
-804.60
-804.87
-805.14
-805.41
-805.68
-805.95
-806.22
-806.49
-806.76
-807.02
-807.29
-807.56
-807.83
-808.10
-808.37
-808.64
-808.91
-809.18
-809.45
-809.72
-809.99
-810.25
-810.52
-810.79
-811.06
-811.33
-811.60
-811.87
-812.14
-812.41
-812.68
-812.95
-813.22
-813.49
-813.76
-814.03
-814.30
-814.56
-814.83
-815.10
-815.37
-815.64
-815.91
-816.18
-816.45
-816.72
-816.99
-817.26
-817.53
-817.80
-818.07
-818.34
-818.61
-818.88
-819.15
-819.42
-819.69
-819.96
-820.23
-820.50
-820.77
-821.04
-821.31
-821.58
-821.85
-822.12
-822.39
-822.66
-822.93
-823.20
-823.47
-823.74
-824.01
-824.28
-824.55
-824.82
-825.09
-825.36
-825.63
-825.90
-826.17
-826.44
-826.71
-826.98
-827.25
-827.52
-827.79
-828.06
-828.33
-828.60
-828.87
-829.14
-829.41
-829.68
-829.95
-830.22
-830.49
-830.76
-831.03
-831.30
-831.57
-831.84
-832.11
-832.38
-832.66
-832.93
-833.20
-833.47
-833.74
-834.01
-834.28
-834.55
-834.82
-835.09
-835.36
-835.63
-835.90
-836.17
-836.44
-836.71
-836.99
-837.26
-837.53
-837.80
-838.07
-838.34
-838.61
-838.88
-839.15
-839.42
-839.69
-839.96
-840.24
-840.51
-840.78
-841.05
-841.32
-841.59
-841.86
-842.13
-842.40
-842.67
-842.95
-843.22
-843.49
-843.76
-844.03
-844.30
-844.57
-844.84
-845.11
-845.39
-845.66
-845.93
-846.20
-846.47
-846.74
-847.01
-847.28
-847.56
-847.83
-848.10
-848.37
-848.64
-848.91
-849.18
-849.46
-849.73
-850.00
-850.27
-850.54
-850.81
-851.08
-851.36
-851.63
-851.90
-852.17
-852.44
-852.71
-852.99
-853.26
-853.53
-853.80
-854.07
-854.34
-854.62
-854.89
-855.16
-855.43
-855.70
-855.98
-856.25
-856.52
-856.79
-857.06
-857.33
-857.61
-857.88
-858.15
-858.42
-858.69
-858.97
-859.24
-859.51
-859.78
-860.05
-860.33
-860.60
-860.87
-861.14
-861.41
-861.69
-861.96
-862.23
-862.50
-862.78
-863.05
-863.32
-863.59
-863.86
-864.14
-864.41
-864.68
-864.95
-865.23
-865.50
-865.77
-866.04
-866.32
-866.59
-866.86
-867.13
-867.40
-867.68
-867.95
-868.22
-868.49
-868.77
-869.04
-869.31
-869.58
-869.86
-870.13
-870.40
-870.68
-870.95
-871.22
-871.49
-871.77
-872.04
-872.31
-872.58
-872.86
-873.13
-873.40
-873.68
-873.95
-874.22
-874.49
-874.77
-875.04
-875.31
-875.59
-875.86
-876.13
-876.40
-876.68
-876.95
-877.22
-877.50
-877.77
-878.04
-878.32
-878.59
-878.86
-879.13
-879.41
-879.68
-879.95
-880.23
-880.50
-880.77
-881.05
-881.32
-881.59
-881.87
-882.14
-882.41
-882.69
-882.96
-883.23
-883.51
-883.78
-884.05
-884.33
-884.60
-884.87
-885.15
-885.42
-885.69
-885.97
-886.24
-886.51
-886.79
-887.06
-887.33
-887.61
-887.88
-888.16
-888.43
-888.70
-888.98
-889.25
-889.52
-889.80
-890.07
-890.34
-890.62
-890.89
-891.17
-891.44
-891.71
-891.99
-892.26
-892.54
-892.81
-893.08
-893.36
-893.63
-893.90
-894.18
-894.45
-894.73
-895.00
-895.27
-895.55
-895.82
-896.10
-896.37
-896.64
-896.92
-897.19
-897.47
-897.74
-898.02
-898.29
-898.56
-898.84
-899.11
-899.39
-899.66
-899.94
-900.21
-900.48
-900.76
-901.03
-901.31
-901.58
-901.86
-902.13
-902.40
-902.68
-902.95
-903.23
-903.50
-903.78
-904.05
-904.33
-904.60
-904.87
-905.15
-905.42
-905.70
-905.97
-906.25
-906.52
-906.80
-907.07
-907.35
-907.62
-907.90
-908.17
-908.45
-908.72
-908.99
-909.27
-909.54
-909.82
-910.09
-910.37
-910.64
-910.92
-911.19
-911.47
-911.74
-912.02
-912.29
-912.57
-912.84
-913.12
-913.39
-913.67
-913.94
-914.22
-914.49
-914.77
-915.04
-915.32
-915.59
-915.87
-916.14
-916.42
-916.69
-916.97
-917.25
-917.52
-917.80
-918.07
-918.35
-918.62
-918.90
-919.17
-919.45
-919.72
-920.00
-920.27
-920.55
-920.82
-921.10
-921.38
-921.65
-921.93
-922.20
-922.48
-922.75
-923.03
-923.30
-923.58
-923.86
-924.13
-924.41
-924.68
-924.96
-925.23
-925.51
-925.79
-926.06
-926.34
-926.61
-926.89
-927.16
-927.44
-927.72
-927.99
-928.27
-928.54
-928.82
-929.09
-929.37
-929.65
-929.92
-930.20
-930.47
-930.75
-931.03
-931.30
-931.58
-931.85
-932.13
-932.41
-932.68
-932.96
-933.24
-933.51
-933.79
-934.06
-934.34
-934.62
-934.89
-935.17
-935.44
-935.72
-936.00
-936.27
-936.55
-936.83
-937.10
-937.38
-937.66
-937.93
-938.21
-938.48
-938.76
-939.04
-939.31
-939.59
-939.87
-940.14
-940.42
-940.70
-940.97
-941.25
-941.53
-941.80
-942.08
-942.36
-942.63
-942.91
-943.19
-943.46
-943.74
-944.02
-944.29
-944.57
-944.85
-945.12
-945.40
-945.68
-945.95
-946.23
-946.51
-946.78
-947.06
-947.34
-947.62
-947.89
-948.17
-948.45
-948.72
-949.00
-949.28
-949.55
-949.83
-950.11
-950.39
-950.66
-950.94
-951.22
-951.49
-951.77
-952.05
-952.33
-952.60
-952.88
-953.16
-953.43
-953.71
-953.99
-954.27
-954.54
-954.82
-955.10
-955.38
-955.65
-955.93
-956.21
-956.49
-956.76
-957.04
-957.32
-957.60
-957.87
-958.15
-958.43
-958.71
-958.98
-959.26
-959.54
-959.82
-960.09
-960.37
-960.65
-960.93
-961.20
-961.48
-961.76
-962.04
-962.32
-962.59
-962.87
-963.15
-963.43
-963.70
-963.98
-964.26
-964.54
-964.82
-965.09
-965.37
-965.65
-965.93
-966.21
-966.48
-966.76
-967.04
-967.32
-967.60
-967.87
-968.15
-968.43
-968.71
-968.99
-969.26
-969.54
-969.82
-970.10
-970.38
-970.66
-970.93
-971.21
-971.49
-971.77
-972.05
-972.33
-972.60
-972.88
-973.16
-973.44
-973.72
-974.00
-974.27
-974.55
-974.83
-975.11
-975.39
-975.67
-975.94
-976.22
-976.50
-976.78
-977.06
-977.34
-977.62
-977.89
-978.17
-978.45
-978.73
-979.01
-979.29
-979.57
-979.85
-980.12
-980.40
-980.68
-980.96
-981.24
-981.52
-981.80
-982.08
-982.35
-982.63
-982.91
-983.19
-983.47
-983.75
-984.03
-984.31
-984.59
-984.87
-985.14
-985.42
-985.70
-985.98
-986.26
-986.54
-986.82
-987.10
-987.38
-987.66
-987.94
-988.22
-988.49
-988.77
-989.05
-989.33
-989.61
-989.89
-990.17
-990.45
-990.73
-991.01
-991.29
-991.57
-991.85
-992.13
-992.41
-992.68
-992.96
-993.24
-993.52
-993.80
-994.08
-994.36
-994.64
-994.92
-995.20
-995.48
-995.76
-996.04
-996.32
-996.60
-996.88
-997.16
-997.44
-997.72
-998.00
-998.28
-998.56
-998.84
-999.12
-999.40
-999.68
-999.96
-1000.24
-1000.52
-1000.80
-1001.08
-1001.36
-1001.64
-1001.92
-1002.20
-1002.48
-1002.76
-1003.04
-1003.32
-1003.60
-1003.88
-1004.16
-1004.44
-1004.72
-1005.00
-1005.28
-1005.56
-1005.84
-1006.12
-1006.40
-1006.68
-1006.96
-1007.24
-1007.52
-1007.80
-1008.08
-1008.36
-1008.64
-1008.92
-1009.20
-1009.48
-1009.76
-1010.04
-1010.32
-1010.60
-1010.88
-1011.16
-1011.44
-1011.72
-1012.01
-1012.29
-1012.57
-1012.85
-1013.13
-1013.41
-1013.69
-1013.97
-1014.25
-1014.53
-1014.81
-1015.09
-1015.37
-1015.65
-1015.93
-1016.22
-1016.50
-1016.78
-1017.06
-1017.34
-1017.62
-1017.90
-1018.18
-1018.46
-1018.74
-1019.02
-1019.30
-1019.59
-1019.87
-1020.15
-1020.43
-1020.71
-1020.99
-1021.27
-1021.55
-1021.83
-1022.12
-1022.40
-1022.68
-1022.96
-1023.24
-1023.52
-1023.80
-1024.08
-1024.36
-1024.65
-1024.93
-1025.21
-1025.49
-1025.77
-1026.05
-1026.33
-1026.61
-1026.90
-1027.18
-1027.46
-1027.74
-1028.02
-1028.30
-1028.58
-1028.87
-1029.15
-1029.43
-1029.71
