273.21
388.68
465.66
529.81
585.40
635.30
680.92
723.21
762.81
800.19
835.68
869.55
902.01
933.24
963.37
992.52
1020.79
1048.27
1075.02
1101.12
1126.61
1151.54
1175.96
1199.89
1223.38
1246.44
1269.11
1291.41
1313.36
1334.97
1356.27
1377.26
1397.97
1418.40
1438.56
1458.48
1478.14
1497.58
1516.79
1535.78
1554.55
1573.12
1591.50
1609.68
1627.67
1645.48
1663.11
1680.57
1697.87
1714.99
1731.96
1748.77
1765.42
1781.92
1798.28
1814.49
1830.56
1846.49
1862.29
1877.95
1893.47
1908.87
1924.14
1939.29
1954.31
1969.20
1983.98
1998.64
2013.18
2027.61
2041.93
2056.13
2070.22
2084.20
2098.07
2111.83
2125.49
2139.05
2152.50
2165.85
2179.10
2192.25
2205.29
2218.25
2231.10
2243.86
2256.52
2269.09
2281.56
2293.94
2306.23
2318.43
2330.54
2342.56
2354.49
2366.34
2378.09
2389.77
2401.35
2412.85
2424.27
2435.60
2446.85
2458.02
2469.11
2480.11
2491.04
2501.89
2512.66
2523.35
2533.96
2544.49
2554.95
2565.34
2575.65
2585.88
2596.04
2606.13
2616.14
2626.08
2635.95
2645.75
2655.48
2665.14
2674.72
2684.24
2693.69
2703.07
2712.39
2721.64
2730.82
2739.93
2748.98
2757.96
2766.88
2775.74
2784.53
2793.26
2801.92
2810.53
2819.07
2827.55
2835.97
2844.32
2852.62
2860.86
2869.04
2877.16
2885.22
2893.23
2901.17
2909.06
2916.90
2924.67
2932.39
2940.06
2947.67
2955.22
2962.72
2970.17
2977.56
2984.91
2992.19
2999.43
3006.61
3013.74
3020.83
3027.86
3034.83
3041.76
3048.64
3055.47
3062.26
3068.99
3075.67
3082.31
3088.90
3095.44
3101.93
3108.38
3114.78
3121.14
3127.45
3133.71
3139.93
3146.10
3152.23
3158.32
3164.36
3170.36
3176.32
3182.23
3188.10
3193.93
3199.72
3205.46
3211.17
3216.83
3222.45
3228.04
3233.58
3239.08
3244.54
3249.97
3255.35
3260.70
3266.00
3271.27
3276.51
3281.70
3286.86
3291.98
3297.06
3302.11
3307.12
3312.09
3317.03
3321.93
3326.80
3331.63
3336.43
3341.20
3345.93
3350.62
3355.28
3359.91
3364.51
3369.07
3373.60
3378.10
3382.56
3386.99
3391.39
3395.76
3400.10
3404.41
3408.68
3412.93
3417.14
3421.33
3425.48
3429.61
3433.70
3437.77
3441.80
3445.81
3449.79
3453.74
3457.66
3461.56
3465.42
3469.26
3473.07
3476.85
3480.61
3484.34
3488.04
3491.71
3495.36
3498.99
3502.58
3506.15
3509.70
3513.22
3516.71
3520.18
3523.63
3527.05
3530.44
3533.81
3537.16
3540.48
3543.78
3547.06
3550.31
3553.54
3556.74
3559.93
3563.09
3566.22
3569.34
3572.43
3575.50
3578.54
3581.57
3584.57
3587.56
3590.52
3593.46
3596.38
3599.27
3602.15
3605.01
3607.84
3610.66
3613.45
3616.23
3618.98
3621.72
3624.43
3627.13
3629.81
3632.47
3635.10
3637.72
3640.32
3642.91
3645.47
3648.02
3650.54
3653.05
3655.54
3658.02
3660.47
3662.91
3665.33
3667.73
3670.12
3672.48
3674.84
3677.17
3679.49
3681.79
3684.07
3686.34
3688.59
3690.83
3693.05
3695.25
3697.44
3699.61
3701.77
3703.91
3706.04
3708.15
3710.24
3712.32
3714.39
3716.44
3718.47
3720.49
3722.50
3724.49
3726.47
3728.43
3730.38
3732.32
3734.24
3736.15
3738.04
3739.92
3741.79
3743.64
3745.49
3747.31
3749.13
3750.93
3752.72
3754.49
3756.25
3758.00
3759.74
3761.47
3763.18
3764.88
3766.57
3768.24
3769.91
3771.56
3773.20
3774.83
3776.44
3778.05
3779.64
3781.22
3782.79
3784.35
3785.90
3787.44
3788.96
3790.48
3791.98
3793.48
3794.96
3796.43
3797.89
3799.34
3800.78
3802.21
3803.63
3805.04
3806.44
3807.83
3809.21
3810.58
3811.94
3813.29
3814.63
3815.96
3817.29
3818.60
3819.90
3821.19
3822.48
3823.75
3825.02
3826.27
3827.52
3828.76
3829.99
3831.21
3832.42
3833.62
3834.82
3836.00
3837.18
3838.35
3839.51
3840.66
3841.81
3842.94
3844.07
3845.19
3846.30
3847.40
3848.50
3849.59
3850.67
3851.74
3852.80
3853.86
3854.91
3855.95
3856.98
3858.01
3859.03
3860.04
3861.05
3862.04
3863.04
3864.02
3864.99
3865.96
3866.93
3867.88
3868.83
3869.77
3870.71
3871.63
3872.56
3873.47
3874.38
3875.28
3876.18
3877.07
3877.95
3878.82
3879.69
3880.56
3881.42
3882.27
3883.11
3883.95
3884.78
3885.61
3886.43
3887.25
3888.06
3888.86
3889.66
3890.45
3891.24
3892.02
3892.79
3893.56
3894.33
3895.09
3895.84
3896.59
3897.33
3898.07
3898.80
3899.53
3900.25
3900.96
3901.67
3902.38
3903.08
3903.78
3904.47
3905.15
3905.83
3906.51
3907.18
3907.85
3908.51
3909.17
3909.82
3910.47
3911.11
3911.75
3912.38
3913.01
3913.63
3914.25
3914.87
3915.48
3916.09
3916.69
3917.29
3917.88
3918.47
3919.06
3919.64
3920.21
3920.79
3921.36
3921.92
3922.48
3923.04
3923.59
3924.14
3924.68
3925.22
3925.76
3926.29
3926.82
3927.35
3927.87
3928.39
3928.90
3929.41
3929.92
3930.42
3930.92
3931.42
3931.91
3932.40
3932.88
3933.37
3933.84
3934.32
3934.79
3935.26
3935.72
3936.18
3936.64
3937.10
3937.55
3938.00
3938.44
3938.88
3939.32
3939.76
3940.19
3940.62
3941.05
3941.47
3941.89
3942.31
3942.72
3943.13
3943.54
3943.95
3944.35
3944.75
3945.15
3945.54
3945.93
3946.32
3946.70
3947.09
3947.47
3947.84
3948.22
3948.59
3948.96
3949.33
3949.69
3950.05
3950.41
3950.76
3951.12
3951.47
3951.82
3952.16
3952.51
3952.85
3953.19
3953.52
3953.86
3954.19
3954.52
3954.84
3955.17
3955.49
3955.81
3956.13
3956.44
3956.75
3957.06
3957.37
3957.68
3957.98
3958.28
3958.58
3958.88
3959.18
3959.47
3959.76
3960.05
3960.34
3960.62
3960.90
3961.18
3961.46
3961.74
3962.01
3962.29
3962.56
3962.83
3963.09
3963.36
3963.62
3963.88
3964.14
3964.40
3964.65
3964.91
3965.16
3965.41
3965.66
3965.91
3966.15
3966.39
3966.63
3966.87
3967.11
3967.35
3967.58
3967.81
3968.05
3968.28
3968.50
3968.73
3968.95
3969.18
3969.40
3969.62
3969.84
3970.05
3970.27
3970.48
3970.69
3970.90
3971.11
3971.32
3971.53
3971.73
3971.93
3972.13
3972.33
3972.53
3972.73
3972.93
3973.12
3973.31
3973.50
3973.69
3973.88
3974.07
3974.26
3974.44
3974.63
3974.81
3974.99
3975.17
3975.35
3975.52
3975.70
3975.87
3976.05
3976.22
3976.39
3976.56
3976.73
3976.89
3977.06
3977.22
3977.39
3977.55
3977.71
3977.87
3978.03
3978.19
3978.35
3978.50
3978.65
3978.81
3978.96
3979.11
3979.26
3979.41
3979.56
3979.70
3979.85
3980.00
3980.14
3980.28
3980.42
3980.56
3980.70
3980.84
3980.98
3981.12
3981.25
3981.39
3981.52
3981.65
3981.78
3981.91
3982.04
3982.17
3982.30
3982.43
3982.55
3982.68
3982.80
3982.93
3983.05
3983.17
3983.29
3983.41
3983.53
3983.65
3983.77
3983.88
3984.00
3984.11
3984.23
3984.34
3984.45
3984.57
3984.68
3984.79
3984.90
3985.00
3985.11
3985.22
3985.32
3985.43
3985.53
3985.64
3985.74
3985.84
3985.95
3986.05
3986.15
3986.25
3986.34
3986.44
3986.54
3986.64
3986.73
3986.83
3986.92
3987.02
3987.11
3987.20
3987.29
3987.39
3987.48
3987.57
3987.66
3987.74
3987.83
3987.92
3988.01
3988.09
3988.18
3988.26
3988.35
3988.43
3988.51
3988.60
3988.68
3988.76
3988.84
3988.92
3989.00
3989.08
3989.16
3989.23
3989.31
3989.39
3989.46
3989.54
3989.62
3989.69
3989.76
3989.84
3989.91
3989.98
3990.05
3990.13
3990.20
3990.27
3990.34
3990.41
3990.48
3990.54
3990.61
3990.68
3990.75
3990.81
3990.88
3990.94
3991.01
3991.07
3991.14
3991.20
3991.26
3991.33
3991.39
3991.45
3991.51
3991.57
3991.63
3991.69
3991.75
3991.81
3991.87
3991.93
3991.99
3992.05
3992.10
3992.16
3992.22
3992.27
3992.33
3992.38
3992.44
3992.49
3992.55
3992.60
3992.65
3992.70
3992.76
3992.81
3992.86
3992.91
3992.96
3993.01
3993.06
3993.11
3993.16
3993.21
3993.26
3993.31
3993.36
3993.40
3993.45
3993.50
3993.55
3993.59
3993.64
3993.68
3993.73
3993.77
3993.82
3993.86
3993.91
3993.95
3993.99
3994.04
3994.08
3994.12
3994.16
3994.21
3994.25
3994.29
3994.33
3994.37
3994.41
3994.45
3994.49
3994.53
3994.57
3994.61
3994.65
3994.69
3994.72
3994.76
3994.80
3994.84
3994.87
3994.91
3994.95
3994.98
3995.02
3995.06
3995.09
3995.13
3995.16
3995.20
3995.23
3995.27
3995.30
3995.33
3995.37
3995.40
3995.43
3995.47
3995.50
3995.53
3995.56
3995.59
3995.63
3995.66
3995.69
3995.72
3995.75
3995.78
3995.81
3995.84
3995.87
3995.90
3995.93
3995.96
3995.99
3996.02
3996.05
3996.07
3996.10
3996.13
3996.16
3996.19
3996.21
3996.24
3996.27
3996.29
3996.32
3996.35
3996.37
3996.40
3996.42
3996.45
3996.48
3996.50
3996.53
3996.55
3996.58
3996.60
3996.63
3996.65
3996.67
3996.70
3996.72
3996.74
3996.77
3996.79
3996.81
3996.84
3996.86
3996.88
3996.90
3996.93
3996.95
3996.97
3996.99
3997.01
3997.04
3997.06
3997.08
3997.10
3997.12
3997.14
3997.16
3997.18
3997.20
3997.22
3997.24
3997.26
3997.28
3997.30
3997.32
3997.34
3997.36
3997.38
3997.40
3997.41
3997.43
3997.45
3997.47
3997.49
3997.51
3997.52
3997.54
3997.56
3997.58
