117.13
139.87
159.19
175.94
190.74
204.05
216.17
227.35
237.76
247.52
256.73
265.48
273.83
281.81
289.49
296.89
304.03
310.95
317.66
324.18
330.53
336.72
342.75
348.66
354.43
360.08
365.61
371.04
376.37
381.60
386.75
391.80
396.78
401.67
406.50
411.25
415.93
420.54
425.10
429.59
434.03
438.41
442.73
447.01
451.23
455.41
459.53
463.62
467.66
471.65
475.61
479.53
483.40
487.24
491.05
494.81
498.55
502.25
505.91
509.55
513.15
516.73
520.27
523.79
527.28
530.74
534.17
537.58
540.96
544.32
547.66
550.97
554.26
557.52
560.76
563.99
567.19
570.37
573.53
576.66
579.79
582.89
585.97
589.03
592.08
595.11
598.12
601.11
604.09
607.05
610.00
612.93
615.84
618.74
621.63
624.50
627.35
630.19
633.02
635.83
638.63
641.42
644.19
646.95
649.70
652.44
655.16
657.87
660.57
663.25
665.93
668.59
671.25
673.89
676.52
679.14
681.75
684.35
686.93
689.51
692.08
694.64
697.18
699.72
702.25
704.77
707.28
709.78
712.27
714.75
717.23
719.69
722.14
724.59
727.03
729.46
731.88
734.29
736.70
739.09
741.48
743.86
746.24
748.60
750.96
753.31
755.65
757.99
760.31
762.63
764.94
767.25
769.55
771.84
774.12
776.40
778.67
780.94
783.19
785.44
787.69
789.92
792.15
794.38
796.59
798.81
801.01
803.21
805.40
807.59
809.77
811.94
814.11
816.27
818.43
820.58
822.72
824.86
827.00
829.12
831.24
833.36
835.47
837.58
839.68
841.77
843.86
845.94
848.02
850.09
852.16
854.22
856.28
858.33
860.38
862.42
864.45
866.49
868.51
870.53
872.55
874.56
876.57
878.57
880.57
882.56
884.55
886.53
888.51
890.48
892.45
894.41
896.37
898.33
900.28
902.22
904.17
906.10
908.03
909.96
911.89
913.81
915.72
917.63
919.54
921.44
923.34
925.23
927.12
929.00
930.88
932.76
934.63
936.50
938.37
940.23
942.08
943.93
945.78
947.63
949.47
951.30
953.13
954.96
956.79
958.61
960.42
962.24
964.04
965.85
967.65
969.45
971.24
973.03
974.82
976.60
978.38
980.15
981.92
983.69
985.45
987.21
988.97
990.72
992.47
994.22
995.96
997.70
999.43
1001.17
1002.89
1004.62
1006.34
1008.06
1009.77
1011.48
1013.19
1014.89
1016.59
1018.29
1019.98
1021.67
1023.36
1025.04
1026.72
1028.40
1030.07
1031.74
1033.40
1035.07
1036.73
1038.38
1040.04
1041.69
1043.33
1044.98
1046.62
1048.26
1049.89
1051.52
1053.15
1054.77
1056.39
1058.01
1059.63
1061.24
1062.85
1064.45
1066.05
1067.65
1069.25
1070.84
1072.43
1074.02
1075.60
1077.18
1078.76
1080.34
1081.91
1083.48
1085.04
1086.60
1088.16
1089.72
1091.27
1092.83
1094.37
1095.92
1097.46
1099.00
1100.53
1102.07
1103.60
1105.13
1106.65
1108.17
1109.69
1111.21
1112.72
1114.23
1115.74
1117.24
1118.74
1120.24
1121.74
1123.23
1124.72
1126.21
1127.69
1129.17
1130.65
1132.13
1133.60
1135.07
1136.54
1138.01
1139.47
1140.93
1142.39
1143.84
1145.29
1146.74
1148.19
1149.63
1151.07
1152.51
1153.95
1155.38
1156.81
1158.24
1159.66
1161.08
1162.50
1163.92
1165.33
1166.75
1168.15
1169.56
1170.97
1172.37
1173.77
1175.16
1176.55
1177.95
1179.33
1180.72
1182.10
1183.48
1184.86
1186.24
1187.61
1188.98
1190.35
1191.71
1193.08
1194.44
1195.80
1197.15
1198.50
1199.86
1201.20
1202.55
1203.89
1205.23
1206.57
1207.91
1209.24
1210.57
1211.90
1213.23
1214.55
1215.87
1217.19
1218.50
1219.82
1221.13
1222.44
1223.75
1225.05
1226.35
1227.65
1228.95
1230.24
1231.54
1232.83
1234.11
1235.40
1236.68
1237.96
1239.24
1240.52
1241.79
1243.06
1244.33
1245.60
1246.86
1248.12
1249.38
1250.64
1251.90
1253.15
1254.40
1255.65
1256.89
1258.14
1259.38
1260.62
1261.86
1263.09
1264.32
1265.55
1266.78
1268.01
1269.23
1270.45
1271.67
1272.89
1274.10
1275.32
1276.53
1277.73
1278.94
1280.14
1281.35
1282.54
1283.74
1284.94
1286.13
1287.32
1288.51
1289.70
1290.88
1292.06
1293.24
1294.42
1295.60
1296.77
1297.94
1299.11
1300.28
1301.44
1302.60
1303.77
1304.92
1306.08
1307.24
1308.39
1309.54
1310.69
1311.83
1312.98
1314.12
1315.26
1316.40
1317.53
1318.67
1319.80
1320.93
1322.06
1323.18
1324.31
1325.43
1326.55
1327.66
1328.78
1329.89
1331.00
1332.11
1333.22
1334.33
1335.43
1336.53
1337.63
1338.73
1339.82
1340.92
1342.01
1343.10
1344.19
1345.27
1346.36
1347.44
1348.52
1349.60
1350.67
1351.75
1352.82
1353.89
1354.96
1356.02
1357.09
1358.15
1359.21
1360.27
1361.32
1362.38
1363.43
1364.48
1365.53
1366.58
1367.62
1368.67
1369.71
1370.75
1371.79
1372.82
1373.86
1374.89
1375.92
1376.95
1377.97
1379.00
1380.02
1381.04
1382.06
1383.08
1384.09
1385.11
1386.12
1387.13
1388.14
1389.14
1390.15
1391.15
1392.15
1393.15
1394.15
1395.14
1396.14
1397.13
1398.12
1399.11
1400.09
1401.08
1402.06
1403.04
1404.02
1405.00
1405.98
1406.95
1407.92
1408.89
1409.86
1410.83
1411.79
1412.76
1413.72
1414.68
1415.64
1416.60
1417.55
1418.50
1419.46
1420.41
1421.35
1422.30
1423.24
1424.19
1425.13
1426.07
1427.01
1427.94
1428.88
1429.81
1430.74
1431.67
1432.60
1433.53
1434.45
1435.37
1436.29
1437.21
1438.13
1439.05
1439.96
1440.87
1441.79
1442.70
1443.60
1444.51
1445.41
1446.32
1447.22
1448.12
1449.02
1449.91
1450.81
1451.70
1452.59
1453.48
1454.37
1455.26
1456.15
1457.03
1457.91
1458.79
1459.67
1460.55
1461.42
1462.30
1463.17
1464.04
1464.91
1465.78
1466.65
1467.51
1468.37
1469.24
1470.10
1470.96
1471.81
1472.67
1473.52
1474.37
1475.23
1476.07
1476.92
1477.77
1478.61
1479.46
1480.30
1481.14
1481.98
1482.82
1483.65
1484.49
1485.32
1486.15
1486.98
1487.81
1488.63
1489.46
1490.28
1491.11
1491.93
1492.75
1493.56
1494.38
1495.20
1496.01
1496.82
1497.63
1498.44
1499.25
1500.05
1500.86
1501.66
1502.46
1503.26
1504.06
1504.86
1505.66
1506.45
1507.24
1508.04
1508.83
1509.62
1510.40
1511.19
1511.97
1512.76
1513.54
1514.32
1515.10
1515.88
1516.65
1517.43
1518.20
1518.97
1519.74
1520.51
1521.28
1522.05
1522.81
1523.58
1524.34
1525.10
1525.86
1526.62
1527.37
1528.13
1528.88
1529.64
1530.39
1531.14
1531.89
1532.63
1533.38
1534.13
1534.87
1535.61
1536.35
1537.09
1537.83
1538.57
1539.30
1540.04
1540.77
1541.50
1542.23
1542.96
1543.69
1544.41
1545.14
1545.86
1546.58
1547.30
1548.02
1548.74
1549.46
1550.17
1550.89
1551.60
1552.31
1553.02
1553.73
1554.44
1555.15
1555.85
1556.56
1557.26
1557.96
1558.66
1559.36
1560.06
1560.76
1561.45
1562.15
1562.84
1563.53
1564.22
1564.91
1565.60
1566.29
1566.97
1567.66
1568.34
1569.02
1569.70
1570.38
1571.06
1571.74
1572.41
1573.09
1573.76
1574.43
1575.10
1575.77
1576.44
1577.11
1577.77
1578.44
1579.10
1579.76
1580.43
1581.09
1581.75
1582.40
1583.06
1583.71
1584.37
1585.02
1585.67
1586.32
1586.97
1587.62
1588.27
1588.91
1589.56
1590.20
1590.85
1591.49
1592.13
1592.77
1593.40
1594.04
1594.68
1595.31
1595.94
1596.58
1597.21
1597.84
1598.47
1599.09
1599.72
1600.34
1600.97
1601.59
1602.21
1602.84
1603.45
1604.07
1604.69
1605.31
1605.92
1606.54
1607.15
1607.76
1608.37
1608.98
1609.59
1610.20
1610.81
1611.41
1612.01
1612.62
1613.22
1613.82
1614.42
1615.02
1615.62
1616.21
1616.81
1617.40
1618.00
1618.59
1619.18
1619.77
1620.36
1620.95
1621.54
1622.12
1622.71
1623.29
1623.87
1624.46
1625.04
1625.62
1626.20
1626.77
1627.35
1627.93
1628.50
1629.07
1629.65
1630.22
1630.79
1631.36
1631.93
1632.49
1633.06
1633.63
1634.19
1634.75
1635.32
1635.88
1636.44
1637.00
1637.55
1638.11
1638.67
1639.22
1639.78
1640.33
1640.88
1641.43
1641.98
1642.53
1643.08
1643.63
1644.18
1644.72
1645.26
1645.81
1646.35
1646.89
1647.43
1647.97
1648.51
1649.05
1649.58
1650.12
1650.65
1651.19
1651.72
1652.25
1652.78
1653.31
1653.84
1654.37
1654.90
1655.42
1655.95
1656.47
1657.00
1657.52
1658.04
1658.56
1659.08
1659.60
1660.12
1660.63
1661.15
1661.66
1662.18
1662.69
1663.20
1663.71
1664.22
1664.73
1665.24
1665.75
1666.25
1666.76
1667.26
1667.77
1668.27
1668.77
1669.27
1669.77
1670.27
1670.77
1671.27
1671.77
1672.26
1672.76
1673.25
1673.74
1674.24
1674.73
1675.22
1675.71
1676.19
1676.68
1677.17
1677.66
1678.14
1678.62
1679.11
1679.59
1680.07
1680.55
1681.03
1681.51
1681.99
1682.47
1682.94
1683.42
1683.89
1684.37
1684.84
1685.31
1685.78
1686.25
1686.72
1687.19
1687.66
1688.13
1688.59
1689.06
1689.52
1689.99
1690.45
1690.91
1691.37
1691.83
1692.29
1692.75
1693.21
1693.67
1694.12
1694.58
1695.03
1695.49
1695.94
1696.39
1696.84
1697.29
1697.74
1698.19
1698.64
1699.09
1699.53
1699.98
1700.43
1700.87
1701.31
1701.76
1702.20
1702.64
1703.08
1703.52
1703.96
1704.39
1704.83
1705.27
1705.70
1706.14
1706.57
1707.00
1707.44
1707.87
1708.30
1708.73
1709.16
1709.59
1710.01
1710.44
1710.87
1711.29
1711.72
1712.14
1712.56
1712.99
1713.41
1713.83
1714.25
1714.67
1715.08
1715.50
1715.92
1716.34
1716.75
1717.17
1717.58
1717.99
1718.41
1718.82
1719.23
1719.64
1720.05
1720.46
1720.87
1721.27
1721.68
1722.08
1722.49
1722.89
1723.30
1723.70
1724.10
1724.50
1724.91
1725.31
1725.70
1726.10
1726.50
1726.90
1727.29
1727.69
1728.09
1728.48
1728.87
1729.27
1729.66
1730.05
1730.44
1730.83
1731.22
1731.61
1732.00
1732.38
1732.77
1733.16
1733.54
1733.93
1734.31
1734.69
1735.08
1735.46
1735.84
1736.22
1736.60
1736.98
1737.36
1737.73
1738.11
1738.49
1738.86
1739.24
1739.61
1739.99
1740.36
1740.73
1741.10
1741.47
1741.84
1742.21
1742.58
1742.95
1743.32
1743.68
1744.05
1744.42
1744.78
1745.15
1745.51
1745.87
1746.23
1746.60
1746.96
1747.32
1747.68
1748.04
1748.39
1748.75
1749.11
1749.47
1749.82
1750.18
1750.53
1750.89
1751.24
1751.59
1751.94
1752.29
1752.65
1753.00
1753.34
1753.69
1754.04
1754.39
1754.74
1755.08
1755.43
1755.77
1756.12
1756.46
1756.81
1757.15
1757.49
1757.83
1758.17
1758.51
1758.85
1759.19
1759.53
1759.87
1760.20
1760.54
1760.88
1761.21
1761.55
1761.88
1762.21
1762.55
1762.88
1763.21
1763.54
1763.87
1764.20
1764.53
1764.86
1765.19
1765.52
1765.84
1766.17
1766.50
1766.82
1767.15
1767.47
1767.79
1768.12
1768.44
1768.76
1769.08
1769.40
1769.72
1770.04
1770.36
1770.68
1771.00
1771.31
1771.63
1771.94
1772.26
1772.57
1772.89
1773.20
1773.52
1773.83
1774.14
1774.45
1774.76
1775.07
1775.38
1775.69
1776.00
1776.31
1776.62
1776.92
1777.23
1777.54
1777.84
1778.15
1778.45
1778.75
1779.06
1779.36
1779.66
1779.96
1780.26
1780.56
1780.86
1781.16
1781.46
1781.76
1782.06
1782.36
1782.65
1782.95
1783.24
1783.54
1783.83
1784.13
1784.42
1784.71
1785.01
1785.30
1785.59
1785.88
1786.17
1786.46
1786.75
1787.04
1787.33
1787.61
1787.90
1788.19
1788.47
1788.76
1789.05
1789.33
1789.61
1789.90
1790.18
1790.46
1790.75
1791.03
1791.31
1791.59
1791.87
1792.15
1792.43
1792.71
1792.98
1793.26
1793.54
1793.81
1794.09
1794.37
1794.64
1794.92
1795.19
1795.46
1795.74
1796.01
1796.28
1796.55
1796.82
1797.09
1797.36
1797.63
1797.90
1798.17
1798.44
1798.71
1798.97
1799.24
1799.51
1799.77
1800.04
1800.30
1800.57
1800.83
1801.10
1801.36
1801.62
1801.88
1802.14
1802.41
1802.67
1802.93
1803.19
1803.44
1803.70
1803.96
1804.22
1804.48
1804.73
1804.99
1805.25
1805.50
1805.76
1806.01
1806.27
1806.52
1806.77
1807.02
1807.28
1807.53
1807.78
1808.03
1808.28
1808.53
1808.78
1809.03
1809.28
1809.53
1809.77
1810.02
1810.27
1810.52
1810.76
1811.01
1811.25
1811.50
1811.74
1811.98
1812.23
1812.47
1812.71
1812.95
1813.20
1813.44
1813.68
1813.92
1814.16
1814.40
1814.64
1814.88
1815.11
1815.35
1815.59
1815.83
1816.06
1816.30
1816.53
1816.77
1817.00
1817.24
1817.47
1817.70
1817.94
1818.17
1818.40
1818.63
1818.87
1819.10
1819.33
1819.56
1819.79
1820.02
1820.25
1820.47
1820.70
1820.93
1821.16
1821.38
1821.61
1821.84
1822.06
1822.29
1822.51
1822.74
1822.96
1823.18
1823.41
1823.63
1823.85
1824.07
1824.30
1824.52
1824.74
1824.96
1825.18
1825.40
1825.62
1825.84
1826.05
1826.27
1826.49
1826.71
1826.92
1827.14
1827.36
1827.57
1827.79
1828.00
1828.22
1828.43
1828.64
1828.86
1829.07
1829.28
1829.50
1829.71
1829.92
1830.13
1830.34
1830.55
1830.76
1830.97
1831.18
1831.39
1831.60
1831.80
1832.01
1832.22
1832.43
1832.63
1832.84
1833.04
1833.25
1833.46
1833.66
1833.86
1834.07
1834.27
1834.47
1834.68
1834.88
1835.08
1835.28
1835.49
1835.69
1835.89
1836.09
1836.29
1836.49
1836.69
1836.89
1837.08
1837.28
1837.48
1837.68
1837.87
1838.07
1838.27
1838.46
1838.66
1838.85
1839.05
1839.24
1839.44
1839.63
1839.83
1840.02
1840.21
1840.40
1840.60
1840.79
1840.98
1841.17
1841.36
1841.55
1841.74
1841.93
1842.12
1842.31
1842.50
1842.69
1842.88
1843.06
1843.25
1843.44
1843.62
1843.81
1844.00
1844.18
1844.37
1844.55
1844.74
1844.92
1845.11
1845.29
1845.47
1845.66
1845.84
1846.02
1846.20
1846.39
1846.57
1846.75
1846.93
1847.11
1847.29
1847.47
1847.65
1847.83
1848.01
1848.19
1848.36
1848.54
1848.72
1848.90
1849.07
1849.25
1849.43
1849.60
1849.78
1849.95
1850.13
1850.30
1850.48
1850.65
1850.82
1851.00
1851.17
1851.34
1851.52
1851.69
1851.86
1852.03
1852.20
1852.37
1852.55
1852.72
1852.89
1853.06
1853.22
1853.39
1853.56
1853.73
1853.90
1854.07
1854.23
1854.40
1854.57
1854.74
1854.90
1855.07
1855.23
1855.40
1855.56
1855.73
1855.89
1856.06
1856.22
1856.39
1856.55
1856.71
1856.88
1857.04
1857.20
1857.36
1857.52
1857.69
1857.85
1858.01
1858.17
1858.33
1858.49
1858.65
1858.81
1858.97
1859.12
1859.28
1859.44
1859.60
1859.76
1859.91
1860.07
1860.23
1860.38
1860.54
1860.70
1860.85
1861.01
1861.16
1861.32
1861.47
1861.63
1861.78
1861.93
1862.09
1862.24
1862.39
1862.55
1862.70
1862.85
1863.00
1863.15
1863.31
1863.46
1863.61
1863.76
1863.91
1864.06
1864.21
1864.36
1864.51
1864.65
1864.80
1864.95
1865.10
1865.25
1865.39
1865.54
1865.69
1865.84
1865.98
1866.13
1866.27
1866.42
1866.56
1866.71
1866.85
1867.00
1867.14
1867.29
1867.43
1867.58
1867.72
1867.86
1868.00
1868.15
1868.29
1868.43
1868.57
1868.71
1868.86
1869.00
1869.14
1869.28
1869.42
1869.56
1869.70
1869.84
1869.98
1870.12
1870.25
1870.39
1870.53
1870.67
1870.81
1870.94
1871.08
1871.22
1871.35
1871.49
1871.63
1871.76
1871.90
1872.03
1872.17
1872.30
1872.44
1872.57
1872.71
1872.84
1872.98
1873.11
1873.24
1873.38
1873.51
1873.64
1873.77
1873.91
1874.04
1874.17
1874.30
1874.43
1874.56
1874.69
1874.82
1874.95
1875.08
1875.21
1875.34
1875.47
1875.60
1875.73
1875.86
1875.99
1876.12
1876.24
1876.37
1876.50
1876.63
1876.75
1876.88
1877.01
1877.13
1877.26
1877.39
1877.51
1877.64
1877.76
1877.89
1878.01
1878.14
1878.26
1878.38
1878.51
1878.63
1878.75
1878.88
1879.00
1879.12
1879.25
1879.37
1879.49
1879.61
1879.73
1879.86
1879.98
1880.10
1880.22
1880.34
1880.46
1880.58
1880.70
1880.82
1880.94
1881.06
1881.18
1881.30
1881.41
1881.53
1881.65
1881.77
1881.89
1882.00
1882.12
1882.24
1882.36
1882.47
1882.59
1882.70
1882.82
1882.94
1883.05
1883.17
1883.28
1883.40
1883.51
1883.63
1883.74
1883.86
1883.97
1884.08
1884.20
1884.31
1884.42
1884.54
1884.65
1884.76
1884.87
1884.99
1885.10
1885.21
1885.32
1885.43
1885.54
1885.66
1885.77
1885.88
1885.99
1886.10
1886.21
1886.32
1886.43
1886.54
1886.64
1886.75
1886.86
1886.97
1887.08
1887.19
1887.30
1887.40
1887.51
1887.62
1887.73
1887.83
1887.94
1888.05
1888.15
1888.26
1888.36
1888.47
1888.58
1888.68
1888.79
1888.89
1889.00
1889.10
1889.21
1889.31
1889.42
1889.52
1889.62
1889.73
1889.83
1889.93
1890.04
1890.14
1890.24
1890.34
1890.45
1890.55
1890.65
1890.75
1890.85
1890.96
1891.06
1891.16
1891.26
1891.36
1891.46
1891.56
1891.66
1891.76
1891.86
1891.96
1892.06
1892.16
1892.26
1892.36
1892.45
1892.55
1892.65
1892.75
1892.85
1892.95
1893.04
1893.14
1893.24
1893.33
1893.43
1893.53
1893.63
1893.72
1893.82
1893.91
1894.01
1894.11
1894.20
1894.30
1894.39
1894.49
1894.58
1894.68
1894.77
1894.86
1894.96
1895.05
1895.15
1895.24
1895.33
1895.43
1895.52
1895.61
1895.71
1895.80
1895.89
1895.98
1896.08
1896.17
1896.26
1896.35
1896.44
1896.53
1896.63
1896.72
1896.81
1896.90
1896.99
1897.08
1897.17
1897.26
1897.35
1897.44
1897.53
1897.62
1897.71
1897.80
1897.88
1897.97
1898.06
1898.15
1898.24
1898.33
1898.41
1898.50
1898.59
1898.68
1898.77
1898.85
1898.94
1899.03
1899.11
1899.20
1899.29
1899.37
1899.46
1899.54
1899.63
1899.72
1899.80
1899.89
1899.97
1900.06
1900.14
1900.23
1900.31
1900.39
1900.48
1900.56
1900.65
1900.73
1900.81
1900.90
1900.98
1901.06
1901.15
1901.23
1901.31
1901.40
1901.48
1901.56
1901.64
1901.72
1901.81
1901.89
1901.97
1902.05
1902.13
1902.21
1902.29
1902.37
1902.46
1902.54
1902.62
1902.70
1902.78
1902.86
1902.94
1903.02
1903.10
1903.17
1903.25
1903.33
1903.41
1903.49
1903.57
1903.65
1903.73
1903.80
1903.88
1903.96
1904.04
1904.12
1904.19
1904.27
1904.35
1904.43
1904.50
1904.58
1904.66
1904.73
1904.81
1904.89
1904.96
1905.04
1905.11
1905.19
1905.26
1905.34
